-0.525429 -0.412824 0.380948 -0.937397 0.343697 -0.040728 0.038730 0.011765
-0.525401 -0.412845 0.380783 -0.937401 0.343653 -0.040853 0.038902 0.011765
-0.525420 -0.412867 0.380485 -0.937393 0.343630 -0.040969 0.039177 0.011765
-0.525446 -0.412912 0.380079 -0.937395 0.343564 -0.041120 0.039545 0.011765
-0.525458 -0.412965 0.379543 -0.937405 0.343460 -0.041300 0.040024 0.011765
-0.525515 -0.412981 0.379064 -0.937417 0.343366 -0.041378 0.040470 0.011765
-0.525559 -0.413027 0.378709 -0.937459 0.343216 -0.041318 0.040812 0.011765
-0.525633 -0.413067 0.378318 -0.937488 0.343108 -0.041182 0.041200 0.011765
-0.525734 -0.413125 0.378025 -0.937534 0.342974 -0.040956 0.041478 0.011765
-0.525842 -0.413165 0.377790 -0.937572 0.342877 -0.040712 0.041684 0.011765
-0.525927 -0.413226 0.377494 -0.937603 0.342786 -0.040507 0.041923 0.011765
-0.526052 -0.413246 0.377086 -0.937612 0.342736 -0.040381 0.042249 0.011765
-0.526110 -0.413297 0.376734 -0.937627 0.342670 -0.040299 0.042524 0.011765
-0.526199 -0.413313 0.376408 -0.937639 0.342618 -0.040140 0.042834 0.011765
-0.526277 -0.413359 0.376175 -0.937654 0.342572 -0.039958 0.043048 0.011765
-0.526368 -0.413358 0.375964 -0.937669 0.342528 -0.039723 0.043277 0.011765
-0.526462 -0.413362 0.375725 -0.937672 0.342512 -0.039508 0.043532 0.011765
-0.526562 -0.413388 0.375417 -0.937680 0.342475 -0.039317 0.043830 0.011765
-0.526686 -0.413476 0.374974 -0.937669 0.342468 -0.039263 0.044173 0.011765
-0.526848 -0.413650 0.374249 -0.937658 0.342424 -0.039374 0.044631 0.011765
-0.527116 -0.413968 0.373097 -0.937638 0.342363 -0.039651 0.045284 0.011765
-0.527474 -0.414430 0.371543 -0.937606 0.342292 -0.040101 0.046074 0.011765
-0.528017 -0.415150 0.369256 -0.937526 0.342288 -0.040758 0.047142 0.011765
-0.528765 -0.416104 0.366428 -0.937438 0.342308 -0.041487 0.048112 0.011765
-0.529663 -0.417279 0.363393 -0.937381 0.342326 -0.042067 0.048577 0.011765
-0.530891 -0.418819 0.359830 -0.937361 0.342359 -0.042402 0.048437 0.011765
-0.532329 -0.420610 0.355908 -0.937388 0.342385 -0.042476 0.047669 0.011765
-0.533872 -0.422469 0.351907 -0.937452 0.342417 -0.042257 0.046349 0.011765
-0.535337 -0.424272 0.348442 -0.937578 0.342422 -0.041690 0.044227 0.011765
-0.536856 -0.426055 0.345349 -0.937755 0.342471 -0.040647 0.040941 0.011765
-0.538185 -0.427668 0.342587 -0.937972 0.342450 -0.039400 0.037203 0.011765
-0.539438 -0.429165 0.340183 -0.938220 0.342430 -0.037752 0.032555 0.011765
-0.540450 -0.430350 0.337840 -0.938432 0.342408 -0.036183 0.028156 0.011765
-0.541452 -0.431537 0.335390 -0.938671 0.342352 -0.034240 0.022815 0.011765
-0.542334 -0.432551 0.332981 -0.938878 0.342291 -0.032229 0.017516 0.011765
-0.543132 -0.433515 0.330916 -0.939055 0.342206 -0.030295 0.012363 0.011765
-0.543991 -0.434481 0.328983 -0.939204 0.342127 -0.028220 0.006988 0.011765
-0.544750 -0.435401 0.327365 -0.939328 0.342003 -0.026313 0.002046 0.011765
-0.545532 -0.436263 0.325943 0.939405 -0.341922 0.024525 0.002673 0.011765
-0.546169 -0.437004 0.324443 0.939448 -0.341850 0.023173 0.006231 0.011765
-0.546833 -0.437794 0.322614 0.939479 -0.341771 0.021966 0.009415 0.011765
-0.547490 -0.438548 0.320348 0.939472 -0.341776 0.021082 0.011703 0.011765
-0.548095 -0.439252 0.317670 0.939466 -0.341779 0.020560 0.012978 0.011765
-0.548684 -0.439854 0.314793 0.939440 -0.341851 0.020275 0.013401 0.011765
-0.549309 -0.440425 0.311406 0.939403 -0.341964 0.020213 0.013176 0.011765
-0.549978 -0.440846 0.307741 0.939327 -0.342198 0.020339 0.012293 0.011765
-0.550640 -0.441037 0.304160 0.939226 -0.342509 0.020551 0.010928 0.011765
-0.551313 -0.441013 0.300286 0.939084 -0.342932 0.020900 0.009101 0.011765
-0.551867 -0.440702 0.296498 0.938918 -0.343407 0.021318 0.007131 0.011765
-0.552229 -0.440118 0.292614 0.938732 -0.343919 0.021812 0.005121 0.011765
-0.552424 -0.439427 0.288785 0.938552 -0.344405 0.022190 0.003451 0.011765
-0.552413 -0.438570 0.284488 0.938385 -0.344858 0.022402 0.002107 0.011765
-0.552221 -0.437621 0.279927 0.938244 -0.345248 0.022379 0.001290 0.011765
-0.551944 -0.436722 0.275580 0.938114 -0.345616 0.022161 0.001030 0.011765
-0.551611 -0.435838 0.271150 0.937992 -0.345980 0.021618 0.001455 0.011765
-0.551179 -0.434894 0.266707 0.937871 -0.346345 0.020907 0.002274 0.011765
-0.550602 -0.433897 0.262329 0.937768 -0.346657 0.020285 0.002926 0.011765
-0.550162 -0.433147 0.258679 0.937683 -0.346922 0.019468 0.004072 0.011765
-0.549610 -0.432312 0.255044 0.937612 -0.347139 0.018807 0.004941 0.011765
-0.549024 -0.431436 0.251571 0.937548 -0.347331 0.018311 0.005486 0.011765
-0.548582 -0.430761 0.248346 0.937493 -0.347494 0.017893 0.005951 0.011765
-0.548260 -0.430272 0.245599 0.937439 -0.347649 0.017632 0.006174 0.011765
-0.548012 -0.429863 0.242700 0.937402 -0.347753 0.017590 0.006030 0.011765
-0.547815 -0.429521 0.239456 0.937348 -0.347899 0.017828 0.005322 0.011765
-0.547651 -0.429291 0.236271 0.937317 -0.347977 0.018203 0.004286 0.011765
-0.547546 -0.429166 0.232810 0.937285 -0.348047 0.018734 0.002897 0.011765
-0.547470 -0.429072 0.229374 0.937251 -0.348116 0.019357 0.001240 0.011765
-0.547414 -0.428983 0.226144 -0.937213 0.348182 -0.020034 0.000521 0.011765
-0.547368 -0.428904 0.223429 -0.937202 0.348167 -0.020653 0.002136 0.011765
-0.547294 -0.428803 0.220811 -0.937226 0.348049 -0.021305 0.003856 0.011765
-0.547154 -0.428668 0.218396 -0.937272 0.347863 -0.021960 0.005559 0.011765
-0.546968 -0.428418 0.216301 -0.937325 0.347653 -0.022528 0.007166 0.011765
-0.546679 -0.428077 0.214300 -0.937413 0.347339 -0.023115 0.008797 0.011765
-0.546267 -0.427591 0.212478 -0.937519 0.346965 -0.023753 0.010438 0.043137
-0.545447 -0.426625 0.210190 -0.937709 0.346307 -0.024682 0.012826 0.043137
-0.544680 -0.425802 0.208742 -0.937859 0.345768 -0.025452 0.014760 0.043137
-0.543888 -0.424905 0.207444 -0.937969 0.345312 -0.026293 0.016802 0.043137
-0.543055 -0.423964 0.206231 -0.938063 0.344870 -0.027270 0.018924 0.133333
-0.542250 -0.423098 0.205003 -0.938146 0.344440 -0.028258 0.021075 0.133333
-0.541579 -0.422348 0.203877 -0.938228 0.344025 -0.029123 0.022954 0.133333
-0.541047 -0.421799 0.203057 -0.938349 0.343539 -0.029808 0.024353 0.133333
-0.540626 -0.421317 0.202452 -0.938524 0.342935 -0.030352 0.025459 0.133333
-0.540354 -0.420999 0.202142 -0.938736 0.342269 -0.030737 0.026129 0.298039
-0.540240 -0.420918 0.202264 -0.938972 0.341597 -0.030880 0.026264 0.298039
-0.540407 -0.421108 0.203036 -0.939233 0.340928 -0.030807 0.025690 0.298039
-0.540764 -0.421600 0.204393 -0.939522 0.340242 -0.030539 0.024519 0.298039
-0.541363 -0.422331 0.206418 -0.939834 0.339547 -0.030105 0.022648 0.298039
-0.542053 -0.423179 0.208714 -0.940116 0.338940 -0.029628 0.020609 0.525490
-0.542822 -0.424174 0.211370 -0.940413 0.338285 -0.029105 0.018410 0.525490
-0.543639 -0.425200 0.214214 -0.940670 0.337720 -0.028605 0.016338 0.525490
-0.544461 -0.426260 0.217080 -0.940880 0.337261 -0.028114 0.014479 0.654902
-0.545224 -0.427229 0.219875 -0.941052 0.336893 -0.027614 0.012733 0.654902
-0.545873 -0.428228 0.222750 -0.941204 0.336561 -0.027229 0.011013 0.768627
-0.546388 -0.429010 0.225512 -0.941336 0.336282 -0.026645 0.009525 0.768627
-0.546769 -0.429613 0.227880 -0.941426 0.336102 -0.026169 0.008247 0.768627
-0.547089 -0.430143 0.230219 -0.941511 0.335929 -0.025691 0.007001 0.768627
-0.547365 -0.430627 0.232405 -0.941578 0.335802 -0.025201 0.005808 0.768627
-0.547583 -0.431009 0.234386 -0.941635 0.335693 -0.024713 0.004749 0.835294
-0.547752 -0.431314 0.236032 -0.941690 0.335584 -0.024256 0.003846 0.835294
-0.547895 -0.431525 0.237615 -0.941720 0.335537 -0.023857 0.002978 0.835294
-0.547936 -0.431661 0.239249 -0.941746 0.335495 -0.023521 0.002178 0.835294
-0.547857 -0.431661 0.241101 -0.941752 0.335504 -0.023194 0.001503 0.835294
-0.547619 -0.431652 0.243273 -0.941754 0.335516 -0.022971 0.000932 0.835294
-0.547249 -0.431442 0.245615 -0.941721 0.335610 -0.022946 0.000925 0.835294
-0.546749 -0.431112 0.247891 -0.941649 0.335790 -0.023246 0.001695 0.835294
-0.546219 -0.430637 0.249693 -0.941535 0.336046 -0.023946 0.003449 0.835294
-0.545580 -0.430041 0.251344 -0.941375 0.336369 -0.025076 0.006358 0.835294
-0.544911 -0.429413 0.252889 -0.941198 0.336670 -0.026477 0.009882 0.835294
-0.544153 -0.428644 0.254469 -0.940982 0.336963 -0.028357 0.014315 0.835294
-0.543469 -0.427875 0.256331 -0.940746 0.337247 -0.030249 0.018625 0.835294
-0.542666 -0.426957 0.258901 -0.940462 0.337532 -0.032453 0.023454 0.835294
-0.541957 -0.425923 0.262371 -0.940147 0.337880 -0.034470 0.027787 0.835294
-0.541217 -0.424858 0.266427 -0.939820 0.338225 -0.036362 0.031944 0.835294
-0.540452 -0.423861 0.271917 -0.939491 0.338603 -0.038005 0.035505 0.835294
-0.539731 -0.423040 0.278393 -0.939182 0.338977 -0.039366 0.038488 0.835294
-0.539002 -0.422230 0.285456 -0.938876 0.339310 -0.040691 0.041528 0.835294
-0.538382 -0.421546 0.292764 -0.938604 0.339633 -0.041733 0.043942 0.835294
-0.537872 -0.420929 0.301153 -0.938353 0.339941 -0.042652 0.045983 0.835294
-0.537236 -0.420214 0.309556 -0.938092 0.340230 -0.043634 0.048189 0.835294
-0.536640 -0.419468 0.317862 -0.937825 0.340495 -0.044666 0.050522 0.835294
-0.536125 -0.418883 0.325607 -0.937591 0.340695 -0.045599 0.052636 0.835294
-0.535570 -0.418225 0.333581 -0.937346 0.340890 -0.046551 0.054861 0.835294
-0.535117 -0.417727 0.341650 -0.937121 0.341104 -0.047347 0.056664 0.835294
-0.534558 -0.417140 0.349147 -0.936840 0.341331 -0.048384 0.059017 0.835294
-0.534184 -0.416742 0.356311 -0.936604 0.341551 -0.049214 0.060774 0.835294
-0.533801 -0.416337 0.363617 -0.936351 0.341795 -0.050066 0.062587 0.835294
-0.533392 -0.415919 0.370680 -0.936057 0.342066 -0.051034 0.064675 0.835294
-0.532933 -0.415473 0.377555 -0.935756 0.342302 -0.052103 0.066895 0.835294
-0.532542 -0.415047 0.383860 -0.935486 0.342505 -0.053077 0.068844 0.835294
-0.532143 -0.414650 0.390384 -0.935200 0.342710 -0.054050 0.070917 0.835294
-0.531687 -0.414177 0.396576 -0.934901 0.342857 -0.055121 0.073293 0.835294
-0.531352 -0.413846 0.402859 -0.934671 0.342959 -0.055919 0.075119 0.835294
-0.530947 -0.413377 0.408642 -0.934402 0.343055 -0.056840 0.077300 0.835294
-0.530603 -0.413002 0.414069 -0.934178 0.343123 -0.057603 0.079122 0.835294
-0.530194 -0.412573 0.419294 -0.933944 0.343172 -0.058409 0.081051 0.835294
-0.529770 -0.412147 0.424360 -0.933695 0.343231 -0.059254 0.083033 0.835294
-0.529379 -0.411686 0.429009 -0.933456 0.343325 -0.059974 0.084800 0.835294
-0.528913 -0.411123 0.432875 -0.933200 0.343372 -0.060796 0.086820 0.835294
-0.528478 -0.410578 0.436781 -0.932991 0.343410 -0.061456 0.088433 0.835294
-0.527955 -0.409904 0.439977 -0.932748 0.343419 -0.062244 0.090393 0.835294
-0.527556 -0.409286 0.442438 -0.932527 0.343475 -0.062902 0.091989 0.835294
-0.527235 -0.408717 0.444587 -0.932352 0.343428 -0.063514 0.093499 0.835294
-0.526988 -0.408252 0.446296 -0.932225 0.343290 -0.064093 0.094872 0.835294
-0.526817 -0.407890 0.447659 -0.932167 0.343065 -0.064555 0.095936 0.835294
-0.526730 -0.407628 0.448541 -0.932156 0.342760 -0.064961 0.096857 0.835294
-0.526713 -0.407474 0.449174 -0.932189 0.342369 -0.065322 0.097672 0.835294
-0.526740 -0.407414 0.449477 -0.932274 0.341855 -0.065618 0.098464 0.835294
-0.526801 -0.407451 0.449522 -0.932379 0.341295 -0.065911 0.099211 0.835294
-0.526911 -0.407510 0.449508 -0.932467 0.340867 -0.066092 0.099736 0.835294
-0.527057 -0.407588 0.449387 -0.932548 0.340473 -0.066250 0.100218 0.835294
-0.527231 -0.407733 0.449120 -0.932613 0.340134 -0.066396 0.100667 0.835294
-0.527405 -0.407895 0.448789 -0.932647 0.339896 -0.066487 0.101091 0.835294
-0.527570 -0.408036 0.448481 -0.932645 0.339794 -0.066533 0.101422 0.835294
-0.527759 -0.408172 0.448139 -0.932630 0.339739 -0.066538 0.101747 0.835294
-0.527923 -0.408291 0.447764 -0.932588 0.339738 -0.066579 0.102105 0.835294
-0.528099 -0.408462 0.447295 -0.932539 0.339743 -0.066672 0.102470 0.835294
-0.528279 -0.408661 0.446878 -0.932494 0.339771 -0.066756 0.102732 0.835294
-0.528499 -0.408928 0.446379 -0.932418 0.339885 -0.066815 0.103006 0.835294
-0.528775 -0.409218 0.445851 -0.932327 0.340066 -0.066850 0.103210 0.835294
-0.529023 -0.409499 0.445413 -0.932247 0.340244 -0.066853 0.103341 0.835294
-0.529321 -0.409841 0.444895 -0.932163 0.340441 -0.066870 0.103440 0.835294
-0.529597 -0.410140 0.444460 -0.932079 0.340653 -0.066870 0.103499 0.835294
-0.529826 -0.410439 0.444086 -0.932021 0.340809 -0.066862 0.103519 0.835294
-0.530041 -0.410658 0.443760 -0.931951 0.340988 -0.066880 0.103549 0.835294
-0.530199 -0.410846 0.443581 -0.931903 0.341147 -0.066848 0.103477 0.835294
-0.530299 -0.410979 0.443476 -0.931843 0.341330 -0.066831 0.103420 0.835294
-0.530336 -0.411041 0.443518 -0.931782 0.341545 -0.066795 0.103283 0.835294
-0.530367 -0.411068 0.443611 -0.931717 0.341785 -0.066720 0.103126 0.835294
-0.530408 -0.411091 0.443686 -0.931623 0.342090 -0.066668 0.102995 0.835294
-0.530459 -0.411223 0.443680 -0.931538 0.342366 -0.066599 0.102890 0.835294
-0.530629 -0.411390 0.443462 -0.931419 0.342691 -0.066599 0.102891 0.835294
-0.530791 -0.411604 0.443085 -0.931287 0.342992 -0.066637 0.103055 0.835294
-0.531006 -0.411833 0.442600 -0.931144 0.343306 -0.066742 0.103234 0.835294
-0.531241 -0.412168 0.442025 -0.931007 0.343595 -0.066876 0.103425 0.835294
-0.531465 -0.412537 0.441445 -0.930890 0.343821 -0.067006 0.103641 0.835294
