   0       0.085714       0.000000       0.050893       0.008571       0.041786      -0.000000      -1.000000
   1       0.104464       0.000000       0.008036       0.008571       0.026786      -0.005357      -1.000000
   2       0.117857       0.000000      -0.000000       0.009643       0.017143      -0.011786      -1.000000
   3       0.125893       0.021429      -0.000000       0.008571       0.000000      -0.011786      -1.000000
   4       0.128571       0.018750      -0.000000       0.006429       0.000000      -0.010714      -1.000000
   5       0.117857       0.000000      -0.000000       0.006429       0.000000      -0.012857      -1.000000
   6       0.123214       0.000000      -0.021429       0.004286       0.000000      -0.015000      -1.000000
   7       0.112500       0.000000      -0.000000       0.004286       0.000000      -0.010714      -1.000000
   8       0.085714      -0.005357      -0.000000       0.004286       0.000000      -0.000000      -1.000000
   9       0.066964      -0.066964      -0.000000       0.006429       0.000000      -0.000000      -1.000000
  10       0.107143      -0.160714      -0.000000       0.000000       0.000000      -0.000000      -1.000000
  11       0.101786      -0.225000      -0.000000       0.000000      -0.001071      -0.000000      -1.000000
  12       0.093750      -0.308036      -0.000000       0.000000      -0.011786      -0.000000      -1.000000
  13       0.107143      -0.380357      -0.000000       0.000000      -0.008571      -0.000000      -1.000000
  14       0.115179      -0.479464      -0.000000       0.012857       0.000000      -0.000000      -1.000000
  15       0.120536      -0.506250      -0.000000       0.016071       0.000000      -0.000000      -1.000000
  16       0.104464      -0.522321      -0.000000       0.013929      -0.002143      -0.000000      -1.000000
  17       0.093750      -0.559821      -0.000000       0.017143       0.000000      -0.000000      -1.000000
  18       0.104464      -0.573214      -0.000000       0.017143       0.000000      -0.000000      -1.000000
  19       0.117857      -0.589286      -0.000000       0.015000       0.000000      -0.000000      -1.000000
  20       0.107143      -0.589286      -0.000000       0.010714       0.000000      -0.000000      -1.000000
  21       0.061607      -0.637500      -0.000000       0.011786       0.000000      -0.000000      -1.000000
  22       0.040179      -0.658929      -0.010714       0.011786       0.000000      -0.000000      -1.000000
  23       0.029464      -0.642857      -0.026786       0.004286       0.000000      -0.000000      -1.000000
  24       0.000000      -0.616071      -0.034821       0.000000       0.000000      -0.000000      -1.000000
  25       0.000000      -0.610714      -0.050893       0.000000       0.000000      -0.000000      -1.000000
  26       0.000000      -0.565179      -0.072321       0.000000       0.000000      -0.000000      -1.000000
  27       0.008036      -0.519643      -0.085714       0.000000       0.000000      -0.000000      -1.000000
  28       0.021429      -0.455357      -0.115179       0.000000       0.000000      -0.000000      -1.000000
  29       0.024107      -0.399107      -0.158036       0.000000       0.000000      -0.000000      -1.000000
  30       0.042857      -0.313393      -0.190179       0.000000      -0.002143      -0.000000      -1.000000
  31       0.045536      -0.200893      -0.208929      -0.006429      -0.020357      -0.000000      -1.000000
  32       0.026786      -0.158036      -0.222321      -0.006429      -0.024643      -0.000000      -1.000000
  33       0.000000      -0.088393      -0.267857       0.000000      -0.026786      -0.000000      -1.000000
  34       0.000000      -0.072321      -0.289286       0.000000      -0.026786      -0.000000      -1.000000
  35       0.026786      -0.048214      -0.342857       0.000000      -0.036429      -0.000000      -1.000000
  36       0.053571      -0.045536      -0.401786       0.000000      -0.031071      -0.000000      -1.000000
  37       0.077679      -0.040179      -0.441964       0.000000      -0.016071      -0.000000      -1.000000
  38       0.101786       0.000000      -0.460714       0.000000       0.000000      -0.000000      -1.000000
  39       0.117857       0.000000      -0.487500       0.000000       0.000000      -0.000000      -1.000000
  40       0.117857       0.000000      -0.492857       0.000000       0.000000      -0.000000      -1.000000
  41       0.091071       0.000000      -0.500893       0.000000       0.000000      -0.000000      -1.000000
  42       0.066964       0.000000      -0.500893       0.000000       0.000000      -0.000000      -1.000000
  43       0.029464       0.000000      -0.500893       0.000000       0.000000      -0.000000      -1.000000
  44       0.000000       0.000000      -0.506250       0.000000      -0.002143      -0.000000      -1.000000
  45       0.000000      -0.088393      -0.527679       0.000000      -0.005357      -0.000000      -1.000000
  46      -0.056250      -0.139286      -0.522321       0.000000      -0.013929      -0.000000      -1.000000
  47      -0.069643      -0.141964      -0.514286       0.000000      -0.012857      -0.000000      -1.000000
  48      -0.072321      -0.125893      -0.498214       0.000000      -0.008571      -0.000000      -1.000000
  49      -0.088393      -0.115179      -0.492857       0.000000      -0.006429      -0.000000      -1.000000
  50      -0.141964      -0.109821      -0.474107       0.000000      -0.001071      -0.000000      -1.000000
  51      -0.214286      -0.099107      -0.450000       0.000000       0.000000      -0.000000      -1.000000
  52      -0.238393      -0.085714      -0.441964       0.000000       0.000000      -0.000000      -1.000000
  53      -0.289286      -0.048214      -0.433929       0.000000       0.000000      -0.000000      -1.000000
  54      -0.291964      -0.034821      -0.431250       0.000000       0.000000      -0.000000      -1.000000
  55      -0.275893       0.000000      -0.431250       0.000000       0.000000      -0.000000      -1.000000
  56      -0.254464       0.000000      -0.417857       0.000000       0.000000      -0.000000      -1.000000
  57      -0.249107       0.000000      -0.399107       0.000000       0.000000      -0.000000      -1.000000
  58      -0.254464       0.000000      -0.385714       0.000000       0.000000      -0.000000      -1.000000
  59      -0.273214       0.016071      -0.353571       0.000000       0.000000      -0.000000      -1.000000
  60      -0.283929       0.013393      -0.340179       0.000000       0.000000      -0.000000      -1.000000
  61      -0.310714       0.000000      -0.310714       0.000000       0.000000      -0.000000      -1.000000
  62      -0.324107       0.000000      -0.286607       0.000000       0.000000      -0.000000      -1.000000
  63      -0.329464       0.000000      -0.275893       0.000000       0.000000      -0.000000      -1.000000
  64      -0.348214       0.000000      -0.254464       0.000000       0.000000      -0.000000      -1.000000
  65      -0.348214      -0.010714      -0.230357       0.000000       0.000000      -0.001071      -1.000000
  66      -0.321429      -0.026786      -0.211607       0.000000       0.000000      -0.003214      -1.000000
  67      -0.297321      -0.029464      -0.190179       0.000000       0.000000      -0.003214      -1.000000
  68      -0.238393      -0.042857      -0.158036       0.000000       0.000000      -0.003214      -1.000000
  69      -0.190179      -0.042857      -0.123214       0.000000       0.000000      -0.001071      -1.000000
  70      -0.117857      -0.034821      -0.075000       0.000000       0.006429      -0.000000       1.000000
  71      -0.056250      -0.010714      -0.013393       0.000000       0.011786      -0.000000       1.000000
  72       0.000000       0.000000      -0.000000       0.000000       0.020357      -0.000000       1.000000
  73       0.000000       0.000000       0.010714       0.000000       0.026786      -0.000000       1.000000
  74       0.005357       0.000000       0.083036      -0.005357       0.024643      -0.000000       1.000000
  75       0.021429       0.000000       0.099107      -0.008571       0.022500      -0.000000       1.000000
  76       0.058929       0.000000       0.139286      -0.012857       0.032143      -0.000000       1.000000
  77       0.088393       0.000000       0.163393      -0.016071       0.037500      -0.000000       1.000000
  78       0.125893       0.000000       0.192857      -0.022500       0.042857      -0.000000       1.000000
  79       0.150000       0.000000       0.216964      -0.023571       0.045000      -0.000000       1.000000
  80       0.163393       0.000000       0.249107      -0.028929       0.043929      -0.000000       1.000000
  81       0.171429       0.000000       0.321429      -0.039643       0.037500      -0.000000       1.000000
  82       0.241071       0.026786       0.468750      -0.063214       0.045000      -0.000000       1.000000
  83       0.283929       0.053571       0.591964      -0.073929       0.051429      -0.000000       1.000000
  84       0.259821       0.016071       0.669643      -0.073929       0.022500      -0.000000       1.000000
  85       0.259821       0.029464       0.712500      -0.073929       0.032143      -0.000000       1.000000
  86       0.246429       0.016071       0.747321      -0.067500       0.036429      -0.000000       1.000000
  87       0.238393       0.008036       0.752679      -0.062143       0.037500      -0.000000       1.000000
  88       0.235714       0.000000       0.760714      -0.051429       0.051429      -0.000000       1.000000
  89       0.243750       0.000000       0.768750      -0.047143       0.064286      -0.000000       1.000000
  90       0.246429       0.026786       0.771429      -0.045000       0.067500      -0.000000       1.000000
  91       0.262500       0.053571       0.768750      -0.046071       0.067500      -0.000000       1.000000
  92       0.267857       0.125893       0.760714      -0.046071       0.067500      -0.000000       1.000000
  93       0.302679       0.198214       0.741964      -0.039643       0.067500      -0.000000       1.000000
  94       0.310714       0.235714       0.741964      -0.027857       0.071786      -0.000000       1.000000
  95       0.294643       0.243750       0.725893      -0.016071       0.068571      -0.000000       1.000000
  96       0.302679       0.326786       0.664286       0.000000       0.078214       0.004286       1.000000
  97       0.316071       0.372321       0.629464       0.000000       0.084643       0.024643       1.000000
  98       0.297321       0.361607       0.610714       0.000000       0.069643       0.024643       1.000000
  99       0.238393       0.324107       0.533036       0.000000       0.046071       0.020357       1.000000
 100       0.259821       0.324107       0.492857       0.001071       0.033214       0.013929       1.000000
 101       0.294643       0.326786       0.466071       0.006429       0.030000       0.010714       1.000000
 102       0.318750       0.329464       0.436607       0.013929       0.027857       0.008571       1.000000
 103       0.345536       0.350893       0.404464       0.018214       0.023571       0.005357       1.000000
 104       0.366964       0.377679       0.340179       0.030000       0.017143       0.003214       1.000000
 105       0.364286       0.380357       0.273214       0.042857       0.007500      -0.000000       1.000000
 106       0.340179       0.380357       0.233036       0.050357       0.000000      -0.000000       1.000000
 107       0.364286       0.415179       0.195536       0.052500       0.007500      -0.000000       1.000000
 108       0.366964       0.433929       0.182143       0.056786       0.009643       0.002143       1.000000
 109       0.353571       0.450000       0.160714       0.060000       0.011786       0.007500       1.000000
 110       0.348214       0.468750       0.160714       0.060000       0.012857       0.009643       1.000000
 111       0.342857       0.468750       0.163393       0.062143       0.013929       0.009643       1.000000
 112       0.316071       0.484821       0.160714       0.069643       0.013929       0.020357       1.000000
 113       0.291964       0.490179       0.158036       0.071786       0.016071       0.026786       1.000000
 114       0.283929       0.490179       0.158036       0.072857       0.016071       0.027857       1.000000
 115       0.283929       0.506250       0.147321       0.073929       0.019286       0.028929       1.000000
 116       0.273214       0.530357       0.139286       0.072857       0.013929       0.031071       1.000000
 117       0.238393       0.554464       0.117857       0.076071       0.006429       0.035357       1.000000
 118       0.227679       0.575893       0.109821       0.072857       0.005357       0.039643       1.000000
 119       0.211607       0.608036       0.099107       0.072857       0.000000       0.041786       1.000000
 120       0.192857       0.621429       0.088393       0.071786       0.000000       0.041786       1.000000
 121       0.160714       0.658929       0.045536       0.068571       0.000000       0.047143       1.000000
 122       0.150000       0.677679       0.029464       0.064286       0.000000       0.049286       1.000000
 123       0.125893       0.709821      -0.000000       0.056786       0.000000       0.050357       1.000000
 124       0.107143       0.731250      -0.000000       0.053571       0.000000       0.047143       1.000000
 125       0.083036       0.739286      -0.000000       0.049286       0.000000       0.046071       1.000000
 126       0.069643       0.758036      -0.000000       0.043929       0.000000       0.045000       1.000000
 127       0.066964       0.760714      -0.000000       0.042857       0.000000       0.045000       1.000000
 128       0.061607       0.766071      -0.000000       0.041786       0.000000       0.042857       1.000000
 129       0.058929       0.774107      -0.000000       0.039643       0.000000       0.042857       1.000000
 130       0.040179       0.792857      -0.000000       0.032143      -0.001071       0.040714       1.000000
 131       0.021429       0.798214      -0.016071       0.026786      -0.008571       0.039643       1.000000
 132       0.010714       0.798214      -0.026786       0.025714      -0.015000       0.037500       1.000000
 133       0.002679       0.798214      -0.048214       0.022500      -0.024643       0.034286       1.000000
 134       0.000000       0.798214      -0.069643       0.017143      -0.035357       0.031071       1.000000
 135       0.000000       0.790179      -0.101786       0.011786      -0.049286       0.027857       1.000000
 136       0.000000       0.774107      -0.136607       0.009643      -0.064286       0.021429       1.000000
 137       0.000000       0.760714      -0.166071       0.008571      -0.078214       0.016071       1.000000
 138       0.000000       0.733929      -0.198214       0.006429      -0.095357       0.005357       1.000000
 139       0.000000       0.683036      -0.241071       0.008571      -0.110357      -0.000000       1.000000
 140      -0.029464       0.597321      -0.313393       0.009643      -0.135000      -0.000000       1.000000
 141      -0.058929       0.530357      -0.372321       0.010714      -0.155357      -0.009643       1.000000
 142      -0.099107       0.441964      -0.423214       0.015000      -0.178929      -0.030000       1.000000
 143      -0.155357       0.313393      -0.492857       0.023571      -0.191786      -0.051429       1.000000
 144      -0.176786       0.257143      -0.527679       0.028929      -0.195000      -0.056786       1.000000
 145      -0.179464       0.249107      -0.562500       0.023571      -0.204643      -0.058929       1.000000
 146      -0.168750       0.254464      -0.573214       0.018214      -0.206786      -0.061071       1.000000
 147      -0.174107       0.225000      -0.586607       0.021429      -0.211071      -0.063214       1.000000
 148      -0.216964       0.174107      -0.621429       0.026786      -0.207857      -0.064286       1.000000
 149      -0.235714       0.147321      -0.640179       0.030000      -0.210000      -0.063214       1.000000
 150      -0.278571       0.115179      -0.624107       0.035357      -0.197143      -0.062143       1.000000
 151      -0.318750       0.066964      -0.602679       0.042857      -0.166071      -0.056786       1.000000
 152      -0.375000       0.008036      -0.567857       0.048214      -0.124286      -0.046071       1.000000
 153      -0.415179       0.000000      -0.516964       0.041786      -0.092143      -0.035357       1.000000
 154      -0.404464       0.000000      -0.474107       0.045000      -0.055714      -0.027857       1.000000
 155      -0.340179       0.000000      -0.399107       0.046071      -0.012857      -0.020357       1.000000
 156      -0.291964       0.000000      -0.356250       0.042857       0.000000      -0.017143       1.000000
 157      -0.208929       0.000000      -0.254464       0.028929       0.000000      -0.008571       1.000000
 158      -0.075000       0.000000      -0.117857       0.009643       0.023571      -0.000000       1.000000
 159       0.000000       0.000000      -0.000000       0.000000       0.068571      -0.000000       1.000000
 160       0.042857       0.000000       0.075000       0.000000       0.083571      -0.003214       1.000000
 161       0.131250       0.000000       0.176786       0.000000       0.091071      -0.025714       1.000000
 162       0.171429       0.000000       0.214286      -0.001071       0.093214      -0.037500      -1.000000
 163       0.198214       0.000000       0.259821      -0.006429       0.103929      -0.051429      -1.000000
 164       0.203571      -0.002679       0.289286      -0.009643       0.109286      -0.058929      -1.000000
 165       0.211607       0.000000       0.332143      -0.021429       0.102857      -0.061071      -1.000000
 166       0.195536       0.000000       0.350893      -0.027857       0.092143      -0.061071      -1.000000
 167       0.163393       0.000000       0.375000      -0.028929       0.081429      -0.058929      -1.000000
 168       0.150000       0.000000       0.396429      -0.026786       0.080357      -0.060000      -1.000000
 169       0.125893       0.000000       0.407143      -0.023571       0.076071      -0.063214      -1.000000
 170       0.107143       0.000000       0.401786      -0.018214       0.073929      -0.068571      -1.000000
 171       0.088393       0.000000       0.380357      -0.011786       0.075000      -0.070714      -1.000000
 172       0.066964       0.000000       0.356250      -0.008571       0.073929      -0.071786      -1.000000
 173       0.042857      -0.005357       0.326786       0.000000       0.082500      -0.073929      -1.000000
 174       0.010714      -0.032143       0.289286       0.000000       0.080357      -0.077143      -1.000000
 175       0.000000      -0.064286       0.254464       0.000000       0.085714      -0.077143      -1.000000
 176       0.000000      -0.101786       0.214286       0.000000       0.098571      -0.072857      -1.000000
 177       0.000000      -0.120536       0.187500       0.000000       0.103929      -0.070714      -1.000000
 178       0.000000      -0.141964       0.139286       0.000000       0.110357      -0.062143      -1.000000
 179       0.000000      -0.158036       0.099107      -0.004286       0.117857      -0.051429      -1.000000
 180       0.000000      -0.214286       0.058929      -0.003214       0.131786      -0.042857      -1.000000
 181       0.000000      -0.251786       0.034821       0.000000       0.132857      -0.041786      -1.000000
 182       0.000000      -0.334821      -0.000000       0.000000       0.131786      -0.041786      -1.000000
 183       0.000000      -0.388393      -0.000000       0.000000       0.127500      -0.037500      -1.000000
 184       0.000000      -0.433929      -0.000000       0.000000       0.113571      -0.034286      -1.000000
 185      -0.013393      -0.455357      -0.000000       0.000000       0.103929      -0.034286      -1.000000
 186      -0.056250      -0.498214      -0.016071       0.000000       0.086786      -0.033214      -1.000000
 187      -0.120536      -0.549107      -0.069643       0.000000       0.064286      -0.036429      -1.000000
 188      -0.152679      -0.565179      -0.080357       0.000000       0.060000      -0.040714      -1.000000
 189      -0.168750      -0.570536      -0.080357       0.000000       0.056786      -0.042857      -1.000000
 190      -0.195536      -0.573214      -0.080357       0.000000       0.051429      -0.048214      -1.000000
 191      -0.216964      -0.573214      -0.101786       0.000000       0.038571      -0.051429      -1.000000
 192      -0.235714      -0.559821      -0.109821       0.000000       0.021429      -0.052500      -1.000000
 193      -0.265179      -0.567857      -0.115179      -0.001071       0.007500      -0.055714      -1.000000
 194      -0.294643      -0.578571      -0.120536       0.000000       0.000000      -0.057857      -1.000000
 195      -0.302679      -0.578571      -0.128571       0.000000       0.000000      -0.057857      -1.000000
 196      -0.318750      -0.575893      -0.141964       0.000000       0.000000      -0.056786      -1.000000
 197      -0.334821      -0.578571      -0.174107       0.000000       0.000000      -0.054643      -1.000000
 198      -0.334821      -0.581250      -0.187500       0.000000       0.000000      -0.053571      -1.000000
 199      -0.329464      -0.573214      -0.216964       0.000000       0.000000      -0.049286      -1.000000
 200      -0.313393      -0.557143      -0.262500       0.000000      -0.001071      -0.043929      -1.000000
 201      -0.291964      -0.516964      -0.310714       0.000000      -0.015000      -0.036429      -1.000000
 202      -0.281250      -0.490179      -0.334821       0.000000      -0.024643      -0.032143      -1.000000
 203      -0.265179      -0.455357      -0.366964       0.000000      -0.032143      -0.027857      -1.000000
 204      -0.243750      -0.404464      -0.412500       0.000000      -0.043929      -0.019286      -1.000000
 205      -0.200893      -0.324107      -0.452679       0.000000      -0.054643      -0.008571      -1.000000
 206      -0.184821      -0.254464      -0.474107       0.000000      -0.049286      -0.000000      -1.000000
 207      -0.166071      -0.184821      -0.484821       0.000000      -0.037500      -0.000000      -1.000000
 208      -0.141964      -0.123214      -0.503571       0.000000      -0.032143      -0.000000      -1.000000
 209      -0.115179      -0.024107      -0.525000       0.000000      -0.026786      -0.000000      -1.000000
 210      -0.112500       0.000000      -0.530357       0.000000      -0.022500       0.002143      -1.000000
 211      -0.133929       0.000000      -0.527679       0.000000      -0.023571       0.004286      -1.000000
 212      -0.152679       0.000000      -0.530357       0.000000      -0.025714       0.006429      -1.000000
 213      -0.198214       0.000000      -0.530357       0.000000      -0.028929       0.007500      -1.000000
 214      -0.257143       0.000000      -0.527679       0.000000      -0.036429       0.005357      -1.000000
 215      -0.286607       0.000000      -0.530357       0.000000      -0.041786       0.003214      -1.000000
 216      -0.318750      -0.010714      -0.543750       0.000000      -0.048214       0.001071      -1.000000
 217      -0.321429      -0.016071      -0.565179       0.000000      -0.054643       0.001071      -1.000000
 218      -0.324107      -0.024107      -0.573214       0.000000      -0.057857       0.003214      -1.000000
 219      -0.326786      -0.040179      -0.573214       0.000000      -0.053571       0.005357      -1.000000
 220      -0.326786      -0.042857      -0.565179       0.000000      -0.051429       0.005357      -1.000000
 221      -0.316071      -0.037500      -0.543750       0.000000      -0.042857       0.005357      -1.000000
 222      -0.267857      -0.005357      -0.503571       0.000000      -0.026786       0.006429      -1.000000
 223      -0.246429       0.000000      -0.476786       0.000000      -0.020357       0.006429      -1.000000
 224      -0.227679       0.000000      -0.444643       0.000000      -0.015000       0.007500      -1.000000
 225      -0.184821       0.000000      -0.385714      -0.005357       0.000000       0.007500      -1.000000
 226      -0.125893       0.000000      -0.316071      -0.006429       0.000000       0.005357      -1.000000
 227      -0.101786       0.000000      -0.289286      -0.005357       0.000000       0.004286      -1.000000
 228      -0.064286       0.000000      -0.235714      -0.006429       0.000000       0.001071      -1.000000
 229      -0.053571       0.000000      -0.187500      -0.007500       0.000000      -0.000000       1.000000
 230      -0.050893       0.000000      -0.136607      -0.011786       0.000000      -0.000000       1.000000
 231      -0.053571       0.000000      -0.109821      -0.012857       0.004286      -0.000000       1.000000
 232      -0.045536       0.000000      -0.069643      -0.013929       0.013929      -0.000000       1.000000
 233      -0.034821       0.000000      -0.034821      -0.018214       0.021429      -0.000000       1.000000
 234      -0.005357       0.000000      -0.000000      -0.026786       0.033214      -0.000000       1.000000
 235       0.000000       0.000000       0.029464      -0.040714       0.041786      -0.000000       1.000000
 236       0.000000       0.002679       0.171429      -0.053571       0.049286      -0.000000       1.000000
 237       0.032143       0.018750       0.329464      -0.072857       0.050357      -0.000000       1.000000
 238       0.080357       0.000000       0.433929      -0.073929       0.053571      -0.000000       1.000000
 239       0.144643       0.000000       0.575893      -0.079286       0.056786      -0.000000       1.000000
 240       0.225000       0.032143       0.704464      -0.092143       0.073929      -0.000000       1.000000
 241       0.294643       0.040179       0.787500      -0.094286       0.087857       0.009643       1.000000
 242       0.361607       0.050893       0.867857      -0.090000       0.091071       0.020357       1.000000
 243       0.391071       0.088393       0.913393      -0.082500       0.085714       0.027857       1.000000
 244       0.399107       0.101786       0.926786      -0.079286       0.082500       0.030000       1.000000
 245       0.404464       0.109821       0.934821      -0.076071       0.080357       0.031071       1.000000
 246       0.404464       0.109821       0.937500      -0.073929       0.080357       0.032143       1.000000
 247       0.375000       0.104464       0.937500      -0.067500       0.078214       0.027857       1.000000
 248       0.308036       0.115179       0.918750      -0.064286       0.062143       0.019286       1.000000
 249       0.275893       0.176786       0.838393      -0.053571       0.033214       0.006429       1.000000
 250       0.238393       0.219643       0.782143      -0.047143       0.010714      -0.000000       1.000000
 251       0.219643       0.257143       0.717857      -0.036429       0.000000      -0.000000       1.000000
 252       0.246429       0.300000       0.645536      -0.025714       0.000000      -0.000000       1.000000
 253       0.259821       0.318750       0.589286      -0.013929       0.000000      -0.000000       1.000000
 254       0.222321       0.342857       0.500893       0.000000       0.000000      -0.000000       1.000000
 255       0.208929       0.369643       0.423214       0.000000       0.000000      -0.000000       1.000000
 256       0.216964       0.401786       0.326786       0.000000       0.000000      -0.000000       1.000000
 257       0.235714       0.425893       0.219643       0.003214      -0.002143      -0.000000       1.000000
 258       0.219643       0.431250       0.115179       0.025714      -0.019286      -0.000000       1.000000
 259       0.208929       0.455357       0.042857       0.032143      -0.034286      -0.000000       1.000000
 260       0.182143       0.476786      -0.000000       0.038571      -0.051429      -0.000000       1.000000
 261       0.125893       0.498214      -0.000000       0.043929      -0.069643      -0.000000       1.000000
 262       0.104464       0.557143      -0.045536       0.034286      -0.085714      -0.009643       1.000000
 263       0.104464       0.578571      -0.075000       0.034286      -0.087857      -0.010714       1.000000
 264       0.101786       0.591964      -0.101786       0.026786      -0.087857      -0.013929       1.000000
 265       0.091071       0.562500      -0.131250       0.040714      -0.082500      -0.017143       1.000000
 266       0.088393       0.562500      -0.125893       0.042857      -0.080357      -0.017143       1.000000
 267       0.075000       0.570536      -0.131250       0.039643      -0.079286      -0.017143       1.000000
 268       0.066964       0.551786      -0.133929       0.046071      -0.075000      -0.018214       1.000000
 269       0.066964       0.551786      -0.128571       0.047143      -0.075000      -0.019286       1.000000
 270       0.053571       0.567857      -0.117857       0.049286      -0.079286      -0.021429       1.000000
 271       0.045536       0.565179      -0.112500       0.049286      -0.083571      -0.022500       1.000000
 272       0.000000       0.530357      -0.125893       0.053571      -0.087857      -0.025714       1.000000
 273       0.000000       0.516964      -0.133929       0.053571      -0.090000      -0.026786       1.000000
 274      -0.048214       0.441964      -0.158036       0.057857      -0.092143      -0.027857       1.000000
 275      -0.061607       0.425893      -0.166071       0.055714      -0.094286      -0.030000       1.000000
 276      -0.050893       0.412500      -0.168750       0.051429      -0.097500      -0.035357       1.000000
 277      -0.026786       0.404464      -0.166071       0.047143      -0.101786      -0.041786       1.000000
 278       0.000000       0.377679      -0.166071       0.045000      -0.111429      -0.054643       1.000000
 279       0.000000       0.353571      -0.179464       0.041786      -0.117857      -0.065357       1.000000
 280       0.000000       0.345536      -0.206250       0.035357      -0.124286      -0.075000       1.000000
 281       0.077679       0.364286      -0.211607       0.028929      -0.116786      -0.083571       1.000000
 282       0.093750       0.361607      -0.222321       0.030000      -0.112500      -0.085714       1.000000
 283       0.066964       0.366964      -0.225000       0.026786      -0.112500      -0.082500       1.000000
 284       0.008036       0.369643      -0.230357       0.026786      -0.118929      -0.076071       1.000000
 285      -0.010714       0.342857      -0.275893       0.026786      -0.129643      -0.056786       1.000000
 286      -0.107143       0.350893      -0.302679       0.013929      -0.128571      -0.032143       1.000000
 287      -0.190179       0.332143      -0.337500       0.000000      -0.112500      -0.005357       1.000000
 288      -0.208929       0.289286      -0.383036       0.000000      -0.093214      -0.000000       1.000000
 289      -0.179464       0.286607      -0.417857       0.000000      -0.068571      -0.000000       1.000000
 290      -0.152679       0.289286      -0.420536       0.000000      -0.056786      -0.000000       1.000000
 291      -0.053571       0.283929      -0.364286       0.000000      -0.022500      -0.000000       1.000000
 292       0.000000       0.278571      -0.308036       0.000000       0.000000      -0.000000       1.000000
 293       0.096429       0.308036      -0.120536       0.000000       0.040714      -0.000000       1.000000
 294       0.195536       0.310714      -0.000000       0.000000       0.110357      -0.000000       1.000000
 295       0.171429       0.278571       0.182143      -0.007500       0.099643      -0.000000       1.000000
 296       0.128571       0.214286       0.294643      -0.028929       0.093214      -0.000000       1.000000
 297       0.123214       0.091071       0.369643      -0.034286       0.091071      -0.012857       1.000000
 298       0.117857       0.016071       0.375000      -0.022500       0.102857      -0.018214       1.000000
 299       0.120536       0.002679       0.364286      -0.019286       0.101786      -0.018214       1.000000
 300       0.123214       0.000000       0.324107      -0.013929       0.093214      -0.017143       1.000000
 301       0.131250       0.000000       0.182143      -0.004286       0.066429      -0.016071       1.000000
 302       0.158036       0.026786       0.053571       0.000000       0.033214      -0.016071       1.000000
 303       0.139286       0.037500      -0.000000       0.000000       0.013929      -0.022500       1.000000
 304       0.099107       0.002679      -0.061607       0.000000       0.000000      -0.026786       1.000000
 305       0.099107       0.018750      -0.166071       0.011786       0.000000      -0.030000       1.000000
 306       0.123214       0.061607      -0.257143       0.016071       0.000000      -0.031071       1.000000
 307       0.125893       0.091071      -0.332143       0.025714      -0.008571      -0.031071       1.000000
 308       0.152679       0.155357      -0.364286       0.027857      -0.017143      -0.032143       1.000000
 309       0.141964       0.176786      -0.385714       0.025714      -0.024643      -0.033214       1.000000
 310       0.091071       0.219643      -0.417857       0.026786      -0.033214      -0.026786       1.000000
 311       0.069643       0.233036      -0.420536       0.024643      -0.037500      -0.023571       1.000000
 312       0.000000       0.211607      -0.450000       0.030000      -0.046071      -0.023571       1.000000
 313       0.000000       0.211607      -0.468750       0.028929      -0.057857      -0.007500       1.000000
 314      -0.072321       0.225000      -0.466071       0.021429      -0.060000      -0.000000       1.000000
 315      -0.192857       0.187500      -0.466071       0.015000      -0.056786      -0.000000       1.000000
 316      -0.289286       0.158036      -0.460714       0.002143      -0.056786      -0.000000       1.000000
 317      -0.332143       0.125893      -0.450000       0.000000      -0.058929      -0.000000      -1.000000
 318      -0.356250       0.075000      -0.417857       0.000000      -0.054643       0.001071      -1.000000
 319      -0.334821       0.000000      -0.289286       0.000000      -0.056786      -0.000000      -1.000000
 320      -0.233036       0.000000      -0.155357      -0.004286      -0.049286      -0.000000      -1.000000
 321      -0.144643       0.000000      -0.034821      -0.027857      -0.043929      -0.000000      -1.000000
 322      -0.056250       0.000000      -0.000000      -0.034286      -0.028929      -0.000000      -1.000000
 323       0.000000       0.000000       0.032143      -0.041786      -0.017143      -0.000000      -1.000000
 324       0.000000       0.000000       0.107143      -0.049286      -0.015000      -0.000000      -1.000000
 325       0.000000       0.000000       0.176786      -0.033214      -0.012857      -0.000000      -1.000000
 326       0.000000       0.000000       0.214286      -0.027857      -0.005357      -0.000000      -1.000000
 327       0.000000       0.000000       0.251786      -0.026786       0.000000      -0.000000      -1.000000
 328       0.000000       0.000000       0.297321      -0.016071       0.000000      -0.000000      -1.000000
 329       0.000000       0.000000       0.302679      -0.012857       0.000000      -0.000000      -1.000000
 330       0.000000       0.000000       0.305357      -0.004286       0.008571      -0.000000      -1.000000
 331       0.000000       0.000000       0.297321       0.000000       0.019286      -0.000000      -1.000000
 332       0.000000       0.000000       0.286607       0.000000       0.021429      -0.000000      -1.000000
 333       0.000000       0.000000       0.267857       0.000000       0.024643      -0.000000      -1.000000
 334       0.000000       0.000000       0.249107       0.000000       0.028929      -0.000000      -1.000000
 335       0.000000       0.000000       0.227679       0.000000       0.033214      -0.000000      -1.000000
