-0.540687 -0.426817 0.370200 -0.927705 0.353458 -0.061451 0.103221 0.011765
-0.540715 -0.426812 0.370190 -0.927708 0.353456 -0.061396 0.103230 0.011765
-0.540745 -0.426842 0.370009 -0.927696 0.353443 -0.061391 0.103389 0.011765
-0.540845 -0.426898 0.369657 -0.927681 0.353409 -0.061310 0.103688 0.011765
-0.540927 -0.426932 0.369365 -0.927658 0.353405 -0.061216 0.103967 0.011765
-0.540997 -0.427006 0.369073 -0.927653 0.353356 -0.061163 0.104199 0.011765
-0.541067 -0.427061 0.368785 -0.927629 0.353356 -0.061155 0.104425 0.011765
-0.541141 -0.427117 0.368507 -0.927609 0.353355 -0.061192 0.104584 0.011765
-0.541240 -0.427221 0.368170 -0.927592 0.353359 -0.061240 0.104693 0.011765
-0.541353 -0.427368 0.367807 -0.927584 0.353359 -0.061298 0.104732 0.011765
-0.541496 -0.427554 0.367351 -0.927577 0.353363 -0.061335 0.104753 0.011765
-0.541646 -0.427779 0.366911 -0.927586 0.353359 -0.061379 0.104666 0.011765
-0.541834 -0.427979 0.366327 -0.927566 0.353387 -0.061477 0.104693 0.011765
-0.542038 -0.428213 0.365720 -0.927561 0.353373 -0.061510 0.104760 0.011765
-0.542218 -0.428441 0.365102 -0.927548 0.353362 -0.061555 0.104885 0.011765
-0.542388 -0.428604 0.364571 -0.927528 0.353373 -0.061571 0.105020 0.011765
-0.542505 -0.428747 0.364145 -0.927519 0.353356 -0.061578 0.105150 0.011765
-0.542624 -0.428854 0.363835 -0.927513 0.353363 -0.061542 0.105200 0.011765
-0.542695 -0.428935 0.363596 -0.927515 0.353343 -0.061507 0.105269 0.011765
-0.542781 -0.429000 0.363344 -0.927510 0.353334 -0.061470 0.105366 0.011765
-0.542877 -0.429101 0.362979 -0.927547 0.353161 -0.061360 0.105685 0.011765
-0.543026 -0.429226 0.362468 -0.927576 0.352950 -0.061336 0.106145 0.011765
-0.543118 -0.429301 0.362001 -0.927565 0.352841 -0.061354 0.106597 0.011765
-0.543025 -0.429439 0.361920 -0.927596 0.352723 -0.061445 0.106660 0.011765
-0.542792 -0.429645 0.361845 -0.927651 0.352545 -0.061631 0.106663 0.011765
-0.542672 -0.429903 0.361522 -0.927677 0.352419 -0.062021 0.106632 0.011765
-0.542679 -0.430192 0.360888 -0.927654 0.352370 -0.062512 0.106706 0.011765
-0.542764 -0.430501 0.360104 -0.927623 0.352330 -0.062906 0.106875 0.011765
-0.542865 -0.430801 0.359367 -0.927609 0.352271 -0.063222 0.107006 0.011765
-0.542972 -0.431037 0.358581 -0.927583 0.352224 -0.063429 0.107264 0.011765
-0.543025 -0.431190 0.357903 -0.927568 0.352144 -0.063610 0.107545 0.011765
-0.543029 -0.431323 0.357509 -0.927574 0.352082 -0.063698 0.107645 0.011765
-0.543044 -0.431386 0.357378 -0.927593 0.352053 -0.063693 0.107579 0.011765
-0.543040 -0.431436 0.357381 -0.927624 0.352030 -0.063720 0.107367 0.011765
-0.543087 -0.431547 0.357315 -0.927652 0.352022 -0.063744 0.107143 0.011765
-0.543232 -0.431795 0.357081 -0.927693 0.352013 -0.063786 0.106783 0.011765
-0.543510 -0.432141 0.356673 -0.927758 0.352050 -0.063708 0.106148 0.011765
-0.543889 -0.432698 0.356115 -0.927899 0.352052 -0.063468 0.105045 0.011765
-0.544762 -0.433780 0.354983 -0.928196 0.352128 -0.062787 0.102547 0.011765
-0.545497 -0.434654 0.354001 -0.928438 0.352193 -0.062157 0.100499 0.011765
-0.546380 -0.435736 0.352670 -0.928743 0.352217 -0.061377 0.098048 0.011765
-0.547338 -0.436921 0.350952 -0.929035 0.352253 -0.060559 0.095622 0.011765
-0.548359 -0.438161 0.348712 -0.929287 0.352263 -0.059883 0.093547 0.011765
-0.549318 -0.439302 0.346370 -0.929495 0.352284 -0.059280 0.091765 0.011765
-0.550328 -0.440460 0.343885 -0.929719 0.352317 -0.058604 0.089781 0.011765
-0.551241 -0.441527 0.341554 -0.929958 0.352283 -0.057931 0.087858 0.011765
-0.551993 -0.442429 0.339485 -0.930163 0.352237 -0.057372 0.086230 0.011765
-0.552742 -0.443289 0.337582 -0.930374 0.352211 -0.056763 0.084437 0.011765
-0.553417 -0.444046 0.336038 -0.930598 0.352166 -0.056094 0.082583 0.011765
-0.553987 -0.444725 0.334893 -0.930837 0.352088 -0.055415 0.080654 0.011765
-0.554459 -0.445253 0.333948 -0.931035 0.352045 -0.054798 0.078964 0.011765
-0.554914 -0.445754 0.333068 -0.931254 0.351972 -0.054148 0.077133 0.011765
-0.555344 -0.446260 0.332219 -0.931508 0.351812 -0.053485 0.075244 0.011765
-0.555758 -0.446696 0.331397 -0.931770 0.351599 -0.052849 0.073419 0.011765
-0.556084 -0.447062 0.330732 -0.932042 0.351312 -0.052236 0.071752 0.011765
-0.556417 -0.447359 0.330112 -0.932329 0.350969 -0.051610 0.070148 0.011765
-0.556676 -0.447609 0.329508 -0.932586 0.350628 -0.051059 0.068822 0.011765
-0.556868 -0.447807 0.328958 -0.932790 0.350350 -0.050624 0.067782 0.015686
-0.557027 -0.447940 0.328462 -0.932978 0.350097 -0.050189 0.066823 0.015686
-0.557078 -0.448000 0.327714 -0.933120 0.349868 -0.049962 0.066204 0.015686
-0.557006 -0.447893 0.326580 -0.933218 0.349691 -0.049813 0.065871 0.015686
-0.556871 -0.447711 0.324964 -0.933288 0.349577 -0.049663 0.065592 0.023529
-0.556632 -0.447440 0.322639 -0.933361 0.349503 -0.049421 0.065138 0.023529
-0.556398 -0.447045 0.319732 -0.933448 0.349508 -0.048895 0.064248 0.023529
-0.556020 -0.446601 0.316190 -0.933606 0.349485 -0.048073 0.062683 0.023529
-0.555482 -0.445903 0.311975 -0.933696 0.349584 -0.047349 0.061331 0.023529
-0.554977 -0.445296 0.307331 -0.933871 0.349733 -0.046115 0.058702 0.023529
-0.554249 -0.444406 0.302128 -0.934020 0.349920 -0.044914 0.056090 0.023529
-0.553616 -0.443748 0.297537 -0.934232 0.350053 -0.043448 0.052775 0.023529
-0.552803 -0.442890 0.292266 -0.934444 0.350156 -0.041924 0.049461 0.019608
-0.552090 -0.442206 0.287543 -0.934686 0.350202 -0.040276 0.045803 0.019608
-0.551316 -0.441395 0.282673 -0.934870 0.350225 -0.038915 0.042961 0.019608
-0.550796 -0.440915 0.278778 -0.935077 0.350172 -0.037552 0.040000 0.019608
-0.550237 -0.440361 0.274897 -0.935249 0.350081 -0.036486 0.037706 0.019608
-0.549715 -0.439838 0.271505 -0.935382 0.350024 -0.035578 0.035733 0.019608
-0.549248 -0.439409 0.268501 -0.935496 0.349933 -0.034926 0.034278 0.019608
-0.548935 -0.439051 0.266095 -0.935582 0.349909 -0.034329 0.032733 0.019608
-0.548571 -0.438668 0.263615 -0.935653 0.349886 -0.033810 0.031464 0.019608
-0.548282 -0.438301 0.261238 -0.935696 0.349923 -0.033294 0.030306 0.019608
-0.548100 -0.438135 0.259325 -0.935760 0.349936 -0.032681 0.028798 0.019608
-0.547998 -0.438022 0.257654 -0.935822 0.349971 -0.031983 0.027095 0.019608
-0.547874 -0.437929 0.256085 -0.935877 0.349977 -0.031433 0.025743 0.019608
-0.547724 -0.437801 0.254480 -0.935914 0.349983 -0.031074 0.024731 0.019608
-0.547573 -0.437640 0.252857 -0.935932 0.350000 -0.030847 0.024085 0.019608
-0.547372 -0.437439 0.251055 -0.935934 0.350031 -0.030746 0.023696 0.019608
-0.547150 -0.437240 0.249223 -0.935932 0.350045 -0.030751 0.023563 0.019608
-0.546962 -0.436998 0.247354 -0.935917 0.350069 -0.030840 0.023653 0.019608
-0.546767 -0.436777 0.245223 -0.935905 0.350082 -0.030941 0.023823 0.023529
-0.546592 -0.436634 0.242923 -0.935903 0.350074 -0.031030 0.023903 0.023529
-0.546494 -0.436521 0.240361 -0.935894 0.350099 -0.031098 0.023792 0.023529
-0.546411 -0.436500 0.237687 -0.935901 0.350094 -0.031130 0.023537 0.023529
-0.546362 -0.436492 0.234482 -0.935910 0.350091 -0.031142 0.023218 0.023529
-0.546311 -0.436492 0.231027 -0.935926 0.350076 -0.031081 0.022864 0.019608
-0.546311 -0.436481 0.227568 -0.935951 0.350071 -0.030852 0.022221 0.019608
-0.546388 -0.436569 0.224436 -0.935988 0.350065 -0.030495 0.021239 0.019608
-0.546502 -0.436722 0.221325 -0.936027 0.350052 -0.030124 0.020218 0.019608
-0.546655 -0.436914 0.218397 -0.936066 0.350030 -0.029779 0.019325 0.019608
-0.546821 -0.437070 0.215856 -0.936086 0.350039 -0.029497 0.018583 0.019608
-0.546912 -0.437306 0.213320 -0.936130 0.349968 -0.029269 0.018085 0.019608
-0.546938 -0.437541 0.211007 -0.936176 0.349861 -0.029194 0.017872 0.019608
-0.546915 -0.437722 0.208947 -0.936212 0.349763 -0.029214 0.017883 0.019608
-0.546918 -0.437792 0.207220 -0.936247 0.349660 -0.029255 0.017976 0.023529
-0.546925 -0.437751 0.205700 -0.936284 0.349556 -0.029198 0.018165 0.023529
-0.546889 -0.437656 0.204398 -0.936341 0.349397 -0.029066 0.018496 0.023529
-0.546819 -0.437423 0.203373 -0.936399 0.349239 -0.028809 0.018920 0.023529
-0.546678 -0.437147 0.202638 -0.936475 0.349030 -0.028550 0.019421 0.023529
-0.546487 -0.436772 0.202086 -0.936562 0.348773 -0.028371 0.020075 0.062745
-0.546209 -0.436305 0.201547 -0.936683 0.348395 -0.028392 0.020961 0.062745
-0.545876 -0.435826 0.200991 -0.936898 0.347738 -0.028608 0.021941 0.062745
-0.545491 -0.435392 0.200462 -0.937150 0.346961 -0.029021 0.022939 0.062745
-0.545098 -0.434907 0.199900 -0.937405 0.346156 -0.029497 0.024049 0.145098
-0.544720 -0.434456 0.199378 -0.937644 0.345385 -0.030041 0.025106 0.145098
-0.544360 -0.434035 0.199139 -0.937859 0.344693 -0.030516 0.025996 0.145098
-0.544015 -0.433693 0.199193 -0.938050 0.344077 -0.030944 0.026736 0.145098
-0.543640 -0.433332 0.199478 -0.938224 0.343505 -0.031334 0.027526 0.145098
-0.543259 -0.433020 0.199895 -0.938387 0.342957 -0.031712 0.028351 0.305882
-0.542967 -0.432735 0.200351 -0.938499 0.342564 -0.031986 0.029110 0.305882
-0.542711 -0.432551 0.201013 -0.938628 0.342147 -0.032117 0.029691 0.305882
-0.542500 -0.432411 0.201707 -0.938762 0.341740 -0.032078 0.030166 0.305882
-0.542369 -0.432328 0.202334 -0.938879 0.341403 -0.031958 0.030462 0.305882
-0.542317 -0.432343 0.203072 -0.938999 0.341090 -0.031722 0.030535 0.525490
-0.542334 -0.432415 0.203919 -0.939110 0.340824 -0.031400 0.030421 0.525490
-0.542401 -0.432568 0.204871 -0.939227 0.340567 -0.031023 0.030074 0.525490
-0.542504 -0.432827 0.205880 -0.939341 0.340334 -0.030598 0.029578 0.525490
-0.542724 -0.433202 0.207038 -0.939472 0.340080 -0.030105 0.028825 0.729412
-0.543056 -0.433613 0.208163 -0.939581 0.339894 -0.029632 0.027946 0.729412
-0.543424 -0.434089 0.209247 -0.939681 0.339731 -0.029168 0.027043 0.729412
-0.543811 -0.434611 0.210223 -0.939789 0.339539 -0.028719 0.026156 0.729412
-0.544295 -0.435250 0.211221 -0.939895 0.339365 -0.028256 0.025121 0.729412
-0.544883 -0.435974 0.212437 -0.939983 0.339257 -0.027708 0.023843 0.862745
-0.545446 -0.436712 0.213614 -0.940076 0.339118 -0.027217 0.022724 0.862745
-0.546065 -0.437553 0.214900 -0.940137 0.339046 -0.026787 0.021726 0.862745
-0.546694 -0.438408 0.216303 -0.940179 0.338997 -0.026498 0.021047 0.858824
-0.547300 -0.439223 0.217797 -0.940178 0.339016 -0.026400 0.020908 0.858824
-0.547763 -0.440008 0.219187 -0.940165 0.339020 -0.026524 0.021245 0.858824
-0.548114 -0.440762 0.220556 -0.940138 0.339009 -0.026849 0.022171 0.858824
-0.548386 -0.441309 0.221896 -0.940078 0.339063 -0.027291 0.023322 0.858824
-0.548557 -0.441763 0.223390 -0.940044 0.339082 -0.027576 0.024100 0.858824
-0.548693 -0.442053 0.225181 -0.940003 0.339142 -0.027769 0.024594 0.858824
-0.548691 -0.442192 0.227319 -0.939984 0.339177 -0.027849 0.024745 0.858824
-0.548500 -0.442158 0.229922 -0.939972 0.339204 -0.027867 0.024826 0.858824
-0.547964 -0.442086 0.232771 -0.940005 0.339079 -0.027996 0.025134 0.858824
-0.546922 -0.442051 0.235838 -0.940107 0.338685 -0.028368 0.026210 0.858824
-0.545459 -0.442124 0.238404 -0.940263 0.338018 -0.029116 0.028317 0.858824
-0.543701 -0.442229 0.240349 -0.940392 0.337264 -0.030292 0.031609 0.858824
-0.541962 -0.442245 0.241714 -0.940474 0.336530 -0.031642 0.035422 0.858824
-0.540279 -0.442201 0.242907 -0.940509 0.335844 -0.033087 0.039446 0.858824
-0.538713 -0.442005 0.243926 -0.940481 0.335255 -0.034570 0.043643 0.858824
-0.537398 -0.441799 0.244909 -0.940442 0.334744 -0.035812 0.047257 0.858824
-0.536145 -0.441552 0.246203 -0.940385 0.334283 -0.037014 0.050597 0.858824
-0.535031 -0.441107 0.247856 -0.940269 0.333971 -0.038148 0.053868 0.858824
-0.534051 -0.440563 0.250143 -0.940135 0.333796 -0.039103 0.056538 0.858824
-0.533221 -0.439936 0.253043 -0.940003 0.333746 -0.039793 0.058520 0.858824
-0.532363 -0.439128 0.256892 -0.939843 0.333804 -0.040433 0.060289 0.858824
-0.531587 -0.438323 0.261609 -0.939723 0.333928 -0.040767 0.061248 0.858824
-0.530840 -0.437472 0.266817 -0.939613 0.334099 -0.040966 0.061868 0.858824
-0.530155 -0.436666 0.271989 -0.939519 0.334266 -0.041129 0.062272 0.858824
-0.529568 -0.435836 0.278066 -0.939475 0.334442 -0.041045 0.062051 0.858824
-0.529176 -0.434901 0.284568 -0.939398 0.334749 -0.040907 0.061650 0.858824
-0.529054 -0.433905 0.290926 -0.939303 0.335168 -0.040700 0.060956 0.858824
-0.529178 -0.432712 0.297684 -0.939136 0.335819 -0.040448 0.060100 0.858824
-0.529433 -0.431382 0.304417 -0.938912 0.336580 -0.040276 0.059470 0.858824
-0.530095 -0.429713 0.314569 -0.938627 0.337720 -0.039777 0.057818 0.858824
-0.530518 -0.428613 0.321289 -0.938421 0.338446 -0.039577 0.057049 0.858824
-0.530962 -0.427617 0.327820 -0.938210 0.339188 -0.039398 0.056218 0.850980
-0.531361 -0.426827 0.333978 -0.938027 0.339825 -0.039266 0.055520 0.850980
-0.531709 -0.426132 0.340599 -0.937851 0.340437 -0.039214 0.054775 0.850980
-0.531914 -0.425493 0.346977 -0.937693 0.340956 -0.039238 0.054237 0.850980
-0.532056 -0.424905 0.352812 -0.937497 0.341483 -0.039430 0.054160 0.850980
-0.532221 -0.424483 0.359024 -0.937346 0.341940 -0.039575 0.053797 0.850980
-0.532182 -0.423932 0.364815 -0.937159 0.342348 -0.039985 0.054145 0.850980
-0.532184 -0.423439 0.370550 -0.936990 0.342752 -0.040329 0.054259 0.850980
-0.532124 -0.422978 0.375919 -0.936845 0.343087 -0.040646 0.054415 0.850980
-0.531886 -0.422323 0.381320 -0.936659 0.343459 -0.041147 0.054888 0.850980
-0.531591 -0.421680 0.386572 -0.936489 0.343804 -0.041638 0.055265 0.850980
-0.531176 -0.420964 0.391636 -0.936315 0.344115 -0.042168 0.055863 0.850980
-0.530683 -0.420213 0.396173 -0.936177 0.344366 -0.042616 0.056287 0.850980
-0.530019 -0.419298 0.400597 -0.936019 0.344585 -0.043234 0.057103 0.850980
-0.529349 -0.418412 0.404831 -0.935885 0.344790 -0.043781 0.057637 0.850980
-0.528667 -0.417494 0.409013 -0.935781 0.344996 -0.044211 0.057764 0.850980
-0.527907 -0.416536 0.412662 -0.935685 0.345142 -0.044642 0.058113 0.850980
-0.527007 -0.415525 0.416182 -0.935604 0.345243 -0.045080 0.058476 0.850980
-0.526096 -0.414504 0.419495 -0.935549 0.345312 -0.045450 0.058665 0.850980
-0.525213 -0.413563 0.422449 -0.935515 0.345352 -0.045742 0.058752 0.850980
-0.524280 -0.412538 0.425323 -0.935476 0.345386 -0.046057 0.058925 0.850980
-0.523405 -0.411579 0.427882 -0.935442 0.345414 -0.046332 0.059080 0.850980
-0.522659 -0.410690 0.430171 -0.935416 0.345465 -0.046488 0.059065 0.850980
-0.521998 -0.409980 0.432043 -0.935401 0.345490 -0.046643 0.059048 0.850980
-0.521474 -0.409401 0.433478 -0.935384 0.345511 -0.046771 0.059084 0.850980
-0.521040 -0.408904 0.434740 -0.935375 0.345530 -0.046853 0.059050 0.850980
-0.520685 -0.408530 0.435681 -0.935373 0.345523 -0.046935 0.059061 0.850980
-0.520421 -0.408237 0.436453 -0.935367 0.345535 -0.046986 0.059053 0.850980
-0.520240 -0.408041 0.437023 -0.935362 0.345544 -0.047040 0.059032 0.850980
-0.520110 -0.407899 0.437566 -0.935352 0.345583 -0.047044 0.058950 0.850980
-0.520024 -0.407858 0.438074 -0.935337 0.345646 -0.047090 0.058791 0.850980
-0.520003 -0.407838 0.438561 -0.935318 0.345731 -0.047095 0.058586 0.850980
-0.519952 -0.407848 0.439157 -0.935315 0.345791 -0.047115 0.058261 0.850980
-0.519895 -0.407819 0.439675 -0.935297 0.345883 -0.047108 0.058013 0.850980
-0.519847 -0.407809 0.440022 -0.935285 0.345924 -0.047208 0.057886 0.850980
-0.519808 -0.407835 0.440132 -0.935277 0.345901 -0.047410 0.057974 0.850980
-0.519776 -0.407854 0.440095 -0.935275 0.345820 -0.047691 0.058265 0.850980
-0.519712 -0.407846 0.439994 -0.935274 0.345698 -0.048011 0.058738 0.850980
-0.519648 -0.407791 0.439925 -0.935277 0.345578 -0.048301 0.059166 0.850980
-0.519556 -0.407735 0.439880 -0.935285 0.345439 -0.048588 0.059602 0.850980
-0.519503 -0.407661 0.439866 -0.935280 0.345365 -0.048810 0.059936 0.850980
-0.519456 -0.407653 0.439707 -0.935275 0.345264 -0.049075 0.060374 0.850980
-0.519427 -0.407632 0.439633 -0.935279 0.345182 -0.049233 0.060654 0.850980
-0.519398 -0.407616 0.439506 -0.935275 0.345112 -0.049417 0.060967 0.850980
-0.519362 -0.407599 0.439414 -0.935269 0.345066 -0.049536 0.061225 0.850980
-0.519352 -0.407579 0.439346 -0.935263 0.345024 -0.049658 0.061437 0.850980
-0.519343 -0.407592 0.439296 -0.935261 0.344998 -0.049733 0.061558 0.850980
-0.519353 -0.407599 0.439214 -0.935257 0.344976 -0.049819 0.061680 0.850980
-0.519357 -0.407601 0.439203 -0.935261 0.344947 -0.049842 0.061758 0.850980
-0.519369 -0.407631 0.439273 -0.935266 0.344942 -0.049832 0.061718 0.850980
-0.519384 -0.407699 0.439282 -0.935257 0.344964 -0.049837 0.061729 0.850980
-0.519366 -0.407877 0.439246 -0.935276 0.344909 -0.049841 0.061741 0.850980
-0.519356 -0.408027 0.439138 -0.935240 0.344990 -0.049838 0.061833 0.850980
-0.519349 -0.408194 0.439026 -0.935209 0.345062 -0.049846 0.061893 0.850980
-0.519317 -0.408314 0.439023 -0.935164 0.345195 -0.049805 0.061869 0.850980
-0.519321 -0.408376 0.439003 -0.935075 0.345436 -0.049797 0.061871 0.850980
-0.519288 -0.408481 0.438971 -0.935007 0.345620 -0.049771 0.061897 0.850980
-0.519280 -0.408522 0.438963 -0.934929 0.345835 -0.049751 0.061896 0.850980
-0.519225 -0.408606 0.438925 -0.934853 0.346024 -0.049774 0.061969 0.850980
-0.519193 -0.408617 0.438902 -0.934770 0.346229 -0.049764 0.062079 0.850980
-0.519150 -0.408647 0.438822 -0.934701 0.346374 -0.049828 0.062254 0.850980
