# source=dataset_raw/tienyi_prod2_dualArm-gripper-3cameras_394_back-handle-installation_20260803_pm/0803_173020/data/trajectory.hdf5
# formula: error_k[t] = master_left_joint[t] - puppet_left_joint[t+k], k=0..20
# selection metric: overall_rmse across every compared frame and all 7 joints
# best_offset_by_rmse=3
# worst_offset_by_rmse=20
# columns: offset_frames num_pairs mean_delta_time_s median_delta_time_s overall_mae overall_rmse mean_l2 p95_l2 max_l2 max_abs_single_joint max_abs_master_frame joint_index joint0_mae joint1_mae joint2_mae joint3_mae joint4_mae joint5_mae joint6_mae
0 1432 -0.003353427409 -0.002427935600 0.012887381034 0.018047291869 0.045316935055 0.066204431569 0.193620956811 0.135540491966 397 6 0.007887193407 0.008111388095 0.007857709885 0.031155960781 0.007667749855 0.005726040800 0.021805624415
1 1431 0.030351746091 0.030923128128 0.012020255744 0.016616126484 0.042845720670 0.053919004663 0.129210419533 0.087387091544 397 6 0.006765182672 0.007524239072 0.006767438601 0.031186848381 0.006748506907 0.004541303743 0.020608270829
2 1430 0.064060023114 0.064266324043 0.011400269532 0.015765248540 0.041133435806 0.050287985915 0.070632904345 0.051841472622 400 3 0.006107699069 0.006941031581 0.005941700226 0.031308929778 0.005853097854 0.003398907209 0.020250521005
3 1429 0.097764153511 0.097606658936 0.011242055712 0.015624859831 0.040821415249 0.049408314784 0.060300915825 0.044720472058 56 3 0.006141673583 0.006479904938 0.005779433382 0.031431183066 0.005437431950 0.003185807304 0.020238955763
4 1428 0.131471106819 0.130969285965 0.011614562765 0.016188721781 0.041964352428 0.055023850816 0.106120424994 0.069865807854 396 5 0.006713559678 0.006448270167 0.006413455385 0.031553615617 0.005476853373 0.003922589573 0.020773595559
5 1427 0.165180938596 0.164325714111 0.012206462920 0.017339253736 0.043891123680 0.068068585677 0.165201802596 0.107558387284 394 6 0.007670020050 0.006607959171 0.007241264162 0.031712616926 0.005798414153 0.004896052096 0.021518913878
6 1426 0.198898336663 0.197692394257 0.012922901272 0.018915738548 0.046213401168 0.083015343695 0.215291559569 0.138363171613 393 6 0.008782587448 0.006815920886 0.008125852915 0.032107341325 0.006269430792 0.005954707924 0.022404467616
7 1425 0.232606746774 0.233799934387 0.013695942555 0.020786512453 0.048757156349 0.100069842573 0.253969473492 0.168331723360 392 6 0.009916467364 0.007056908846 0.009040977976 0.032574982940 0.006844450857 0.007030930815 0.023406879085
8 1424 0.266311203831 0.267510890961 0.014505600433 0.022862072428 0.051440861477 0.115381548443 0.290729303416 0.196047883180 392 6 0.011060353832 0.007317433836 0.009989180843 0.033094212243 0.007489947168 0.008117278380 0.024470796731
9 1423 0.300018452961 0.300909042358 0.015337216004 0.025084318056 0.054223746021 0.132710830012 0.327855710957 0.214829560452 391 6 0.012227605763 0.007595803604 0.010974999637 0.033629135521 0.008180076238 0.009208270984 0.025544620282
10 1422 0.333728504583 0.334254980087 0.016186137742 0.027416786207 0.057083954376 0.150128076521 0.362038121895 0.230537053280 391 6 0.013415672470 0.007898768330 0.011991163214 0.034168311312 0.008895427798 0.010306489396 0.026627131671
11 1421 0.367434481179 0.367599487305 0.017051626894 0.029833573017 0.060005329835 0.166942348882 0.393409534684 0.250308137087 392 6 0.014627101917 0.008212867528 0.013012707558 0.034737927747 0.009627418913 0.011407972041 0.027735392551
12 1420 0.401143289620 0.400949954987 0.017932032555 0.032310150082 0.062975859272 0.184141456749 0.447674602232 0.284610408311 394 6 0.015852277526 0.008543385832 0.014039604895 0.035333803798 0.010368499955 0.012515247690 0.028871408189
13 1419 0.434855036705 0.434304237366 0.018828487784 0.034826594348 0.065985619598 0.200137858528 0.511729568192 0.336620944505 394 6 0.017097101427 0.008909059853 0.015067281241 0.035949029294 0.011108557598 0.013628718943 0.030039666131
14 1418 0.468562576263 0.467665553093 0.019740512440 0.037364611605 0.069025441182 0.219296898883 0.547878339077 0.367425728834 393 6 0.018343700493 0.009298620697 0.016098162483 0.036594884647 0.011856043091 0.014753881979 0.031238293691
15 1417 0.502272989351 0.501056671143 0.020663319302 0.039911010689 0.072085431782 0.238423635433 0.589875687227 0.397394280580 392 6 0.019593917670 0.009691914001 0.017138615826 0.037256028706 0.012624965275 0.015890625581 0.032447168056
16 1416 0.535979102224 0.537386298180 0.021593317525 0.042453225033 0.075155810941 0.252228633346 0.624806927032 0.419720273165 392 6 0.020841831203 0.010096095844 0.018188158051 0.037937553246 0.013391702020 0.017034804555 0.033663077755
17 1415 0.569688267084 0.570870161057 0.022531477434 0.044980098387 0.078229451903 0.269558664280 0.659532574816 0.440646271852 392 6 0.022091461114 0.010514619014 0.019248950054 0.038629952486 0.014149501880 0.018185106711 0.034900750780
18 1414 0.603400297853 0.604244589806 0.023471761019 0.047485231960 0.081302400020 0.285488785885 0.689018836593 0.460690598634 392 6 0.023336794153 0.010935447102 0.020310518743 0.039327187653 0.014908099824 0.019339820608 0.036144459051
19 1413 0.637108235349 0.637586593628 0.024414378634 0.049966534569 0.084371784469 0.304021067380 0.718127741212 0.479472275906 391 6 0.024584993083 0.011354787439 0.021371846226 0.040026568107 0.015661983664 0.020498487261 0.037401984659
20 1412 0.670818988054 0.670939683914 0.025353908449 0.052424317615 0.087436410926 0.323465267430 0.749539201198 0.492930051022 391 6 0.025837597335 0.011770707800 0.022427709351 0.040716061387 0.016407234821 0.021656696867 0.038661351581
