-0.551871 -0.408107 0.392080 -0.929506 0.355946 -0.059488 0.076044 0.011765
-0.550493 -0.406606 0.394816 -0.929429 0.355788 -0.059972 0.077330 0.011765
-0.549355 -0.405361 0.397131 -0.929370 0.355665 -0.060345 0.078313 0.011765
-0.548416 -0.404301 0.399041 -0.929336 0.355531 -0.060622 0.079108 0.011765
-0.547691 -0.403535 0.400473 -0.929325 0.355393 -0.060849 0.079673 0.011765
-0.547121 -0.402886 0.401548 -0.929298 0.355289 -0.061079 0.080274 0.011765
-0.546725 -0.402477 0.402289 -0.929281 0.355202 -0.061267 0.080716 0.011765
-0.546571 -0.402273 0.402659 -0.929261 0.355157 -0.061386 0.081049 0.011765
-0.546536 -0.402246 0.402769 -0.929245 0.355091 -0.061540 0.081409 0.011765
-0.546622 -0.402333 0.402463 -0.929208 0.355039 -0.061720 0.081914 0.011765
-0.546770 -0.402488 0.401940 -0.929159 0.355000 -0.061946 0.082469 0.011765
-0.546982 -0.402747 0.401312 -0.929144 0.354932 -0.062086 0.082825 0.011765
-0.547264 -0.403052 0.400525 -0.929110 0.354918 -0.062212 0.083169 0.011765
-0.547651 -0.403415 0.399512 -0.929075 0.354894 -0.062298 0.083602 0.011765
-0.548107 -0.403877 0.398229 -0.929022 0.354887 -0.062417 0.084126 0.011765
-0.548600 -0.404431 0.396658 -0.928958 0.354859 -0.062661 0.084763 0.011765
-0.549213 -0.405114 0.394758 -0.928888 0.354835 -0.062916 0.085440 0.011765
-0.549945 -0.405893 0.392595 -0.928814 0.354831 -0.063155 0.086088 0.011765
-0.550737 -0.406744 0.390356 -0.928764 0.354816 -0.063334 0.086556 0.011765
-0.551713 -0.407816 0.387704 -0.928734 0.354801 -0.063472 0.086833 0.011765
-0.552863 -0.409036 0.384743 -0.928730 0.354810 -0.063484 0.086839 0.011765
-0.554097 -0.410407 0.381570 -0.928764 0.354814 -0.063382 0.086525 0.011765
-0.555247 -0.411691 0.378594 -0.928849 0.354799 -0.063162 0.085843 0.011765
-0.556386 -0.412915 0.375655 -0.928976 0.354820 -0.062710 0.084703 0.011765
-0.557441 -0.414065 0.372780 -0.929149 0.354845 -0.062092 0.083140 0.011765
-0.558406 -0.415123 0.369813 -0.929386 0.354849 -0.061282 0.081047 0.011765
-0.559274 -0.416046 0.367005 -0.929621 0.354923 -0.060335 0.078703 0.011765
-0.560161 -0.417044 0.364354 -0.929930 0.355006 -0.059079 0.075572 0.011765
-0.561101 -0.418062 0.362370 -0.930303 0.355134 -0.057462 0.071517 0.011765
-0.561932 -0.418973 0.360728 -0.930656 0.355241 -0.055856 0.067555 0.011765
-0.562710 -0.419824 0.359417 -0.930975 0.355337 -0.054396 0.063726 0.011765
-0.563385 -0.420579 0.358131 -0.931248 0.355420 -0.053091 0.060288 0.011765
-0.563973 -0.421251 0.356874 -0.931477 0.355479 -0.051977 0.057308 0.011765
-0.564490 -0.421820 0.355766 -0.931659 0.355552 -0.051015 0.054694 0.011765
-0.564849 -0.422266 0.354851 -0.931817 0.355546 -0.050279 0.052688 0.023529
-0.565136 -0.422574 0.353883 -0.931913 0.355606 -0.049722 0.051094 0.023529
-0.565285 -0.422770 0.352789 -0.931993 0.355614 -0.049326 0.049949 0.023529
-0.565326 -0.422780 0.351337 -0.932020 0.355647 -0.049152 0.049378 0.023529
-0.565238 -0.422726 0.349624 -0.932036 0.355651 -0.049068 0.049122 0.039216
-0.565049 -0.422539 0.347368 -0.932046 0.355651 -0.049040 0.048960 0.039216
-0.564754 -0.422210 0.344496 -0.932045 0.355680 -0.048992 0.048830 0.039216
-0.564298 -0.421745 0.340733 -0.932054 0.355677 -0.048978 0.048684 0.039216
-0.563854 -0.421242 0.336545 -0.932096 0.355666 -0.048756 0.048176 0.039216
-0.563327 -0.420682 0.331622 -0.932169 0.355650 -0.048386 0.047246 0.039216
-0.562659 -0.419989 0.326033 -0.932261 0.355671 -0.047825 0.045821 0.039216
-0.561896 -0.419315 0.320304 -0.932382 0.355693 -0.047061 0.043947 0.039216
-0.560993 -0.418467 0.314282 -0.932464 0.355761 -0.046380 0.042357 0.039216
-0.560130 -0.417676 0.308449 -0.932577 0.355897 -0.045297 0.039827 0.039216
-0.558933 -0.416768 0.302464 -0.932663 0.355944 -0.044539 0.038197 0.035294
-0.557788 -0.416124 0.297257 -0.932802 0.355888 -0.043673 0.036279 0.035294
-0.556413 -0.415464 0.292175 -0.932939 0.355699 -0.043178 0.035201 0.035294
-0.555017 -0.415225 0.288046 -0.933154 0.355266 -0.042799 0.034333 0.035294
-0.553365 -0.414955 0.283658 -0.933377 0.354702 -0.042700 0.034218 0.035294
-0.551740 -0.414972 0.279798 -0.933632 0.354046 -0.042658 0.034100 0.035294
-0.550319 -0.415188 0.276646 -0.933874 0.353409 -0.042687 0.034038 0.035294
-0.548900 -0.415487 0.273647 -0.934131 0.352736 -0.042733 0.033914 0.035294
-0.547631 -0.415805 0.270958 -0.934344 0.352174 -0.042785 0.033837 0.039216
-0.546579 -0.416178 0.268650 -0.934522 0.351702 -0.042821 0.033777 0.039216
-0.545752 -0.416573 0.266796 -0.934673 0.351293 -0.042876 0.033769 0.039216
-0.545067 -0.416937 0.265058 -0.934798 0.350945 -0.042942 0.033844 0.039216
-0.544549 -0.417319 0.263490 -0.934903 0.350649 -0.043002 0.033947 0.039216
-0.544207 -0.417679 0.261984 -0.934988 0.350397 -0.043089 0.034098 0.039216
-0.543990 -0.418057 0.260535 -0.935079 0.350120 -0.043200 0.034326 0.039216
-0.543857 -0.418492 0.258952 -0.935153 0.349867 -0.043338 0.034691 0.039216
-0.543821 -0.418983 0.257273 -0.935216 0.349625 -0.043518 0.035218 0.039216
-0.543940 -0.419566 0.255381 -0.935267 0.349389 -0.043737 0.035926 0.039216
-0.544177 -0.420177 0.253206 -0.935284 0.349197 -0.044047 0.036946 0.039216
-0.544607 -0.420913 0.250481 -0.935265 0.349051 -0.044461 0.038298 0.039216
-0.545245 -0.421791 0.247207 -0.935207 0.348952 -0.045007 0.039930 0.039216
-0.545977 -0.422731 0.243848 -0.935144 0.348864 -0.045543 0.041548 0.039216
-0.546809 -0.423798 0.240081 -0.935064 0.348788 -0.046136 0.043280 0.039216
-0.547679 -0.424861 0.236135 -0.934975 0.348734 -0.046735 0.044974 0.062745
-0.548504 -0.425875 0.232185 -0.934886 0.348678 -0.047314 0.046612 0.062745
-0.549296 -0.426893 0.227821 -0.934792 0.348593 -0.047968 0.048446 0.062745
-0.550008 -0.427722 0.223811 -0.934707 0.348514 -0.048541 0.050042 0.062745
-0.550592 -0.428320 0.220090 -0.934624 0.348440 -0.049044 0.051587 0.078431
-0.550951 -0.428667 0.216750 -0.934541 0.348365 -0.049559 0.053093 0.078431
-0.551154 -0.428797 0.213471 -0.934477 0.348202 -0.050091 0.054770 0.078431
-0.551247 -0.428827 0.210514 -0.934512 0.347786 -0.050538 0.056377 0.078431
-0.551262 -0.428754 0.208148 -0.934696 0.347020 -0.050911 0.057701 0.078431
-0.551233 -0.428634 0.206375 -0.934931 0.346143 -0.051217 0.058869 0.101961
-0.551132 -0.428480 0.204792 -0.935168 0.345222 -0.051678 0.060106 0.101961
-0.551043 -0.428254 0.203511 -0.935400 0.344313 -0.052112 0.061320 0.101961
-0.550981 -0.428064 0.202631 -0.935606 0.343503 -0.052507 0.062367 0.101961
-0.550972 -0.427953 0.202021 -0.935847 0.342621 -0.052868 0.063300 0.101961
-0.550995 -0.427847 0.201602 -0.936145 0.341576 -0.053256 0.064203 0.164706
-0.550985 -0.427821 0.201377 -0.936543 0.340256 -0.053711 0.065023 0.164706
-0.551026 -0.427821 0.201375 -0.937005 0.338790 -0.054113 0.065694 0.164706
-0.551114 -0.427918 0.201557 -0.937587 0.337014 -0.054534 0.066163 0.164706
-0.551340 -0.428125 0.202063 -0.938281 0.335023 -0.054810 0.066214 0.309804
-0.551650 -0.428421 0.202792 -0.938997 0.333052 -0.054905 0.065924 0.309804
-0.552067 -0.428836 0.203671 -0.939794 0.330912 -0.054940 0.065311 0.309804
-0.552583 -0.429379 0.204748 -0.940565 0.328909 -0.054823 0.064421 0.309804
-0.553139 -0.429929 0.205913 -0.941260 0.327161 -0.054609 0.063353 0.309804
-0.553691 -0.430546 0.207100 -0.941890 0.325629 -0.054290 0.062141 0.549020
-0.554257 -0.431166 0.208302 -0.942423 0.324424 -0.053858 0.060717 0.549020
-0.554846 -0.431855 0.209496 -0.942913 0.323373 -0.053350 0.059158 0.549020
-0.555470 -0.432540 0.210656 -0.943339 0.322519 -0.052757 0.057524 0.666667
-0.556032 -0.433147 0.211652 -0.943679 0.321876 -0.052228 0.056023 0.666667
-0.556619 -0.433792 0.212731 -0.943990 0.321343 -0.051582 0.054409 0.666667
-0.557165 -0.434416 0.213789 -0.944259 0.320907 -0.050985 0.052855 0.772549
-0.557663 -0.434959 0.214747 -0.944470 0.320591 -0.050465 0.051493 0.772549
-0.558062 -0.435428 0.215604 -0.944641 0.320336 -0.050041 0.050339 0.772549
-0.558443 -0.435820 0.216356 -0.944778 0.320146 -0.049628 0.049378 0.772549
-0.558873 -0.436304 0.217305 -0.944938 0.319937 -0.049100 0.048188 0.850980
-0.559094 -0.436545 0.217797 -0.945001 0.319874 -0.048893 0.047578 0.850980
-0.559188 -0.436655 0.218031 -0.945014 0.319892 -0.048780 0.047315 0.850980
-0.559402 -0.436949 0.218642 -0.945068 0.319870 -0.048535 0.046636 0.850980
-0.559511 -0.437172 0.219062 -0.945067 0.319958 -0.048414 0.046159 0.850980
-0.559558 -0.437376 0.219446 -0.945026 0.320145 -0.048339 0.045779 0.850980
-0.559563 -0.437554 0.219721 -0.944969 0.320359 -0.048289 0.045527 0.850980
-0.559510 -0.437683 0.220158 -0.944863 0.320699 -0.048255 0.045350 0.850980
-0.559351 -0.437765 0.220914 -0.944716 0.321160 -0.048217 0.045188 0.850980
-0.559029 -0.437777 0.222294 -0.944542 0.321731 -0.048152 0.044843 0.850980
-0.558605 -0.437699 0.224343 -0.944379 0.322330 -0.047881 0.044257 0.850980
-0.558073 -0.437398 0.227454 -0.944210 0.323017 -0.047466 0.043300 0.850980
-0.557423 -0.436961 0.231023 -0.944039 0.323666 -0.047126 0.042541 0.850980
-0.556633 -0.436472 0.234269 -0.943873 0.324150 -0.047126 0.042546 0.850980
-0.555718 -0.435882 0.237346 -0.943656 0.324618 -0.047498 0.043370 0.850980
-0.554739 -0.435266 0.239948 -0.943415 0.325003 -0.048204 0.044928 0.850980
-0.553673 -0.434664 0.242098 -0.943180 0.325234 -0.049093 0.047167 0.850980
-0.552600 -0.434255 0.243893 -0.943004 0.325274 -0.049969 0.049437 0.850980
-0.551361 -0.434084 0.245990 -0.942897 0.325052 -0.050916 0.051894 0.850980
-0.550101 -0.434098 0.248556 -0.942827 0.324639 -0.051979 0.054641 0.850980
-0.548930 -0.434280 0.251696 -0.942827 0.324064 -0.052893 0.057113 0.850980
-0.547774 -0.434525 0.255941 -0.942843 0.323425 -0.053806 0.059561 0.850980
-0.546706 -0.434676 0.261201 -0.942819 0.322929 -0.054623 0.061855 0.850980
-0.545738 -0.434697 0.267428 -0.942789 0.322521 -0.055235 0.063867 0.850980
-0.544870 -0.434527 0.274001 -0.942725 0.322286 -0.055715 0.065553 0.850980
-0.543849 -0.434119 0.281323 -0.942601 0.322074 -0.056370 0.067774 0.850980
-0.542943 -0.433497 0.288926 -0.942445 0.321961 -0.056890 0.070013 0.850980
-0.542068 -0.432614 0.296600 -0.942219 0.321942 -0.057486 0.072605 0.850980
-0.541245 -0.431353 0.303591 -0.941901 0.322025 -0.058246 0.075695 0.850980
-0.540561 -0.429775 0.311014 -0.941514 0.322276 -0.058971 0.078814 0.850980
-0.540104 -0.427975 0.318370 -0.941070 0.322727 -0.059594 0.081751 0.850980
-0.539744 -0.425912 0.324918 -0.940567 0.323298 -0.060313 0.084703 0.850980
-0.539400 -0.423443 0.332073 -0.940018 0.323962 -0.061016 0.087701 0.850980
-0.539166 -0.421353 0.338453 -0.939641 0.324481 -0.061318 0.089592 0.850980
-0.538782 -0.419123 0.344976 -0.939279 0.324970 -0.061635 0.091386 0.850980
-0.538346 -0.417058 0.351145 -0.939004 0.325411 -0.061707 0.092585 0.850980
-0.537827 -0.415300 0.356480 -0.938793 0.325727 -0.061748 0.093581 0.850980
-0.537354 -0.413693 0.361888 -0.938661 0.326057 -0.061528 0.093898 0.850980
-0.536814 -0.412225 0.366953 -0.938566 0.326334 -0.061306 0.094035 0.850980
-0.536277 -0.410908 0.371488 -0.938495 0.326584 -0.061065 0.094025 0.850980
-0.535817 -0.409886 0.375158 -0.938448 0.326771 -0.060874 0.093973 0.850980
-0.535413 -0.408961 0.378417 -0.938390 0.326944 -0.060741 0.094029 0.850980
-0.535051 -0.408285 0.381215 -0.938356 0.327055 -0.060630 0.094061 0.850980
-0.534803 -0.407803 0.383679 -0.938361 0.327117 -0.060459 0.093904 0.850980
-0.534666 -0.407532 0.385707 -0.938373 0.327174 -0.060347 0.093660 0.850980
-0.534592 -0.407369 0.387348 -0.938382 0.327226 -0.060263 0.093439 0.850980
-0.534628 -0.407303 0.388712 -0.938380 0.327273 -0.060209 0.093333 0.850980
-0.534706 -0.407302 0.389772 -0.938366 0.327304 -0.060236 0.093343 0.850980
-0.534769 -0.407321 0.390595 -0.938351 0.327314 -0.060292 0.093427 0.850980
-0.534844 -0.407313 0.391333 -0.938346 0.327287 -0.060385 0.093511 0.850980
-0.534859 -0.407246 0.392171 -0.938352 0.327286 -0.060422 0.093431 0.850980
-0.534768 -0.407123 0.393072 -0.938380 0.327219 -0.060450 0.093359 0.850980
-0.534655 -0.406996 0.393850 -0.938384 0.327192 -0.060523 0.093373 0.850980
-0.534497 -0.406821 0.394541 -0.938364 0.327135 -0.060690 0.093657 0.850980
-0.534324 -0.406660 0.395103 -0.938331 0.327075 -0.060914 0.094051 0.850980
-0.534180 -0.406490 0.395553 -0.938298 0.327033 -0.061108 0.094405 0.850980
-0.534031 -0.406357 0.395936 -0.938246 0.327028 -0.061359 0.094769 0.850980
-0.533937 -0.406265 0.396171 -0.938182 0.327070 -0.061602 0.095107 0.850980
-0.533848 -0.406188 0.396257 -0.938096 0.327146 -0.061946 0.095474 0.850980
-0.533765 -0.406168 0.396324 -0.938027 0.327215 -0.062233 0.095719 0.850980
-0.533704 -0.406131 0.396343 -0.937943 0.327336 -0.062491 0.095962 0.850980
-0.533625 -0.406103 0.396367 -0.937873 0.327431 -0.062748 0.096154 0.850980
-0.533559 -0.406053 0.396482 -0.937832 0.327494 -0.062918 0.096227 0.850980
-0.533518 -0.405971 0.396612 -0.937790 0.327586 -0.063039 0.096249 0.850980
-0.533489 -0.405836 0.396774 -0.937740 0.327699 -0.063166 0.096264 0.850980
-0.533519 -0.405684 0.396850 -0.937670 0.327851 -0.063299 0.096338 0.850980
-0.533566 -0.405534 0.396898 -0.937610 0.327975 -0.063413 0.096425 0.850980
-0.533586 -0.405437 0.397096 -0.937588 0.328053 -0.063465 0.096342 0.850980
-0.533566 -0.405336 0.397355 -0.937571 0.328128 -0.063503 0.096231 0.850980
-0.533534 -0.405249 0.397730 -0.937571 0.328203 -0.063537 0.095954 0.850980
-0.533543 -0.405165 0.397934 -0.937556 0.328271 -0.063571 0.095840 0.850980
-0.533517 -0.405143 0.398151 -0.937560 0.328291 -0.063640 0.095689 0.850980
-0.533541 -0.405132 0.398413 -0.937562 0.328347 -0.063686 0.095446 0.850980
-0.533542 -0.405143 0.398682 -0.937561 0.328393 -0.063781 0.095231 0.850980
-0.533555 -0.405119 0.398990 -0.937552 0.328449 -0.063875 0.095068 0.850980
-0.533546 -0.405108 0.399328 -0.937535 0.328491 -0.064006 0.094999 0.850980
-0.533532 -0.405081 0.399731 -0.937511 0.328525 -0.064151 0.095027 0.850980
-0.533510 -0.405060 0.400159 -0.937484 0.328549 -0.064307 0.095101 0.850980
-0.533461 -0.405013 0.400668 -0.937440 0.328584 -0.064502 0.095278 0.850980
-0.533420 -0.404972 0.401184 -0.937399 0.328593 -0.064682 0.095531 0.850980
-0.533389 -0.404957 0.401635 -0.937330 0.328667 -0.064885 0.095812 0.850980
-0.533361 -0.404960 0.402010 -0.937241 0.328802 -0.065094 0.096077 0.850980
-0.533338 -0.404990 0.402387 -0.937149 0.328975 -0.065324 0.096225 0.850980
-0.533336 -0.405024 0.402673 -0.937049 0.329180 -0.065576 0.096329 0.850980
-0.533306 -0.405070 0.402949 -0.936930 0.329455 -0.065862 0.096353 0.850980
-0.533295 -0.405131 0.403097 -0.936817 0.329714 -0.066137 0.096372 0.850980
-0.533264 -0.405173 0.403217 -0.936710 0.329949 -0.066420 0.096422 0.850980
-0.533226 -0.405197 0.403251 -0.936601 0.330161 -0.066704 0.096560 0.850980
-0.533170 -0.405227 0.403227 -0.936517 0.330302 -0.066958 0.096713 0.850980
-0.533114 -0.405209 0.403200 -0.936437 0.330441 -0.067166 0.096872 0.850980
-0.533070 -0.405181 0.403253 -0.936385 0.330547 -0.067304 0.096911 0.850980
-0.533034 -0.405135 0.403294 -0.936331 0.330654 -0.067426 0.096983 0.850980
