-0.512949 -0.423137 0.375970 -0.938986 0.336185 -0.041783 0.059500 0.011765
-0.512991 -0.423299 0.376179 -0.938965 0.336281 -0.041909 0.059196 0.011765
-0.513051 -0.423414 0.376342 -0.938950 0.336349 -0.042036 0.058950 0.011765
-0.513094 -0.423532 0.376557 -0.938937 0.336421 -0.042150 0.058659 0.011765
-0.513135 -0.423625 0.376720 -0.938928 0.336480 -0.042197 0.058433 0.011765
-0.513188 -0.423703 0.376815 -0.938923 0.336520 -0.042201 0.058285 0.011765
-0.513236 -0.423775 0.376870 -0.938913 0.336560 -0.042235 0.058188 0.011765
-0.513311 -0.423893 0.376804 -0.938897 0.336600 -0.042282 0.058189 0.011765
-0.513395 -0.424044 0.376660 -0.938866 0.336673 -0.042306 0.058243 0.011765
-0.513451 -0.424206 0.376475 -0.938848 0.336699 -0.042365 0.058343 0.011765
-0.513517 -0.424370 0.376145 -0.938842 0.336676 -0.042401 0.058540 0.011765
-0.513566 -0.424561 0.375682 -0.938844 0.336618 -0.042417 0.058833 0.011765
-0.513640 -0.424783 0.375152 -0.938848 0.336547 -0.042423 0.059163 0.011765
-0.513681 -0.424974 0.374629 -0.938857 0.336456 -0.042457 0.059508 0.011765
-0.513708 -0.425170 0.374156 -0.938873 0.336354 -0.042488 0.059815 0.011765
-0.513732 -0.425367 0.373572 -0.938875 0.336263 -0.042601 0.060218 0.011765
-0.513758 -0.425484 0.372857 -0.938881 0.336130 -0.042775 0.060744 0.011765
-0.513728 -0.425596 0.371982 -0.938919 0.335866 -0.043044 0.061425 0.011765
-0.513660 -0.425606 0.371076 -0.938961 0.335580 -0.043318 0.062135 0.011765
-0.513580 -0.425525 0.369888 -0.939010 0.335210 -0.043796 0.063053 0.011765
-0.513424 -0.425410 0.368573 -0.939099 0.334686 -0.044381 0.064104 0.011765
-0.513268 -0.425245 0.367097 -0.939169 0.334177 -0.045009 0.065290 0.011765
-0.513080 -0.425104 0.365740 -0.939256 0.333643 -0.045581 0.066359 0.011765
-0.512859 -0.424933 0.364267 -0.939366 0.333024 -0.046162 0.067496 0.011765
-0.512678 -0.424733 0.362648 -0.939456 0.332431 -0.046763 0.068734 0.011765
-0.512572 -0.424650 0.361004 -0.939561 0.331812 -0.047309 0.069917 0.011765
-0.512512 -0.424639 0.359182 -0.939642 0.331220 -0.047905 0.071212 0.011765
-0.512535 -0.424762 0.357255 -0.939715 0.330647 -0.048544 0.072470 0.011765
-0.512638 -0.424930 0.355326 -0.939779 0.330128 -0.049132 0.073598 0.011765
-0.512819 -0.425166 0.353615 -0.939849 0.329713 -0.049548 0.074282 0.011765
-0.513121 -0.425563 0.351905 -0.939941 0.329375 -0.049752 0.074487 0.011765
-0.513559 -0.426093 0.350236 -0.940055 0.329128 -0.049738 0.074147 0.011765
-0.514066 -0.426728 0.348529 -0.940205 0.328837 -0.049576 0.073639 0.011765
-0.514690 -0.427447 0.346603 -0.940335 0.328628 -0.049389 0.073038 0.011765
-0.515390 -0.428239 0.344399 -0.940463 0.328378 -0.049299 0.072567 0.011765
-0.516185 -0.429049 0.342034 -0.940580 0.328128 -0.049254 0.072219 0.011765
-0.517043 -0.429857 0.339614 -0.940674 0.327931 -0.049240 0.071893 0.011765
-0.518109 -0.430746 0.336796 -0.940762 0.327772 -0.049186 0.071505 0.011765
-0.519162 -0.431757 0.333919 -0.940899 0.327537 -0.049055 0.070867 0.011765
-0.520224 -0.432644 0.331266 -0.940994 0.327474 -0.048818 0.070058 0.011765
-0.521383 -0.433387 0.328632 -0.941055 0.327563 -0.048523 0.069013 0.011765
-0.522696 -0.433786 0.326248 -0.941033 0.327974 -0.048119 0.067634 0.011765
-0.524282 -0.433743 0.324085 -0.940930 0.328775 -0.047463 0.065605 0.011765
-0.526086 -0.433335 0.322255 -0.940787 0.329842 -0.046585 0.062882 0.011765
-0.528242 -0.432416 0.320527 -0.940534 0.331353 -0.045438 0.059464 0.011765
-0.530727 -0.431154 0.318980 -0.940210 0.333186 -0.043973 0.055297 0.011765
-0.533420 -0.429444 0.317626 -0.939764 0.335347 -0.042396 0.050870 0.011765
-0.536057 -0.427504 0.316331 -0.939251 0.337577 -0.040872 0.046686 0.011765
-0.538901 -0.425267 0.314908 -0.938627 0.340081 -0.039236 0.042246 0.011765
-0.541582 -0.422894 0.313433 -0.937959 0.342570 -0.037727 0.038155 0.011765
-0.544115 -0.420656 0.311946 -0.937309 0.344955 -0.036138 0.033936 0.011765
-0.546195 -0.418666 0.310370 -0.936723 0.347012 -0.034818 0.030352 0.011765
-0.548173 -0.416867 0.308696 -0.936202 0.348889 -0.033271 0.026359 0.011765
-0.549796 -0.415232 0.306914 -0.935714 0.350571 -0.031881 0.022855 0.011765
-0.551041 -0.414019 0.305241 -0.935344 0.351870 -0.030602 0.019577 0.011765
-0.552158 -0.412989 0.303779 -0.935027 0.352999 -0.029236 0.016166 0.011765
-0.553138 -0.412263 0.302654 -0.934774 0.353919 -0.027875 0.012715 0.011765
-0.554040 -0.411842 0.301832 -0.934595 0.354613 -0.026433 0.009090 0.011765
-0.554761 -0.411596 0.301148 -0.934458 0.355128 -0.025206 0.006042 0.011765
-0.555437 -0.411501 0.300400 -0.934343 0.355556 -0.023964 0.003000 0.011765
-0.556037 -0.411533 0.299653 -0.934261 0.355858 -0.022826 0.000150 0.011765
-0.556530 -0.411646 0.298707 0.934209 -0.356047 0.021888 0.002164 0.011765
-0.556970 -0.411746 0.297647 0.934148 -0.356235 0.021225 0.003787 0.011765
-0.557382 -0.411896 0.296380 0.934098 -0.356379 0.020692 0.005105 0.011765
-0.557727 -0.412158 0.294946 0.934078 -0.356438 0.020334 0.006016 0.011765
-0.558041 -0.412363 0.293414 0.934054 -0.356503 0.020171 0.006428 0.011765
-0.558323 -0.412580 0.291473 0.934032 -0.356562 0.020207 0.006323 0.011765
-0.558589 -0.412782 0.289348 0.933999 -0.356643 0.020411 0.005885 0.011765
-0.558863 -0.412987 0.287073 0.933960 -0.356735 0.020775 0.005198 0.011765
-0.559128 -0.413261 0.284839 0.933936 -0.356785 0.021164 0.004489 0.011765
-0.559473 -0.413551 0.282387 0.933906 -0.356848 0.021554 0.003751 0.011765
-0.559821 -0.413900 0.279861 0.933885 -0.356887 0.021954 0.003027 0.011765
-0.560219 -0.414274 0.277355 0.933859 -0.356940 0.022250 0.002474 0.011765
-0.560595 -0.414706 0.275035 0.933854 -0.356942 0.022483 0.002108 0.011765
-0.561040 -0.415158 0.272509 0.933833 -0.356986 0.022678 0.001678 0.011765
-0.561436 -0.415591 0.269895 0.933830 -0.356978 0.022961 0.001062 0.011765
-0.561771 -0.415979 0.267544 0.933822 -0.356982 0.023252 0.000441 0.011765
-0.562102 -0.416314 0.264952 -0.933783 0.357058 -0.023636 0.000473 0.011765
-0.562352 -0.416603 0.262436 -0.933729 0.357166 -0.024096 0.001552 0.011765
-0.562589 -0.416848 0.260007 -0.933680 0.357255 -0.024570 0.002723 0.011765
-0.562766 -0.417049 0.257908 -0.933617 0.357378 -0.025013 0.003796 0.011765
-0.562927 -0.417207 0.255886 -0.933513 0.357605 -0.025468 0.004910 0.011765
-0.563079 -0.417362 0.254119 -0.933409 0.357831 -0.025878 0.005901 0.011765
-0.563182 -0.417518 0.252579 -0.933318 0.358027 -0.026227 0.006812 0.011765
-0.563316 -0.417676 0.251019 -0.933214 0.358253 -0.026554 0.007783 0.011765
-0.563437 -0.417858 0.249404 -0.933130 0.358429 -0.026815 0.008832 0.011765
-0.563524 -0.418093 0.247632 -0.933081 0.358502 -0.027121 0.010019 0.011765
-0.563570 -0.418397 0.245618 -0.933061 0.358487 -0.027441 0.011441 0.011765
-0.563586 -0.418813 0.243229 -0.933069 0.358381 -0.027801 0.013127 0.011765
-0.563596 -0.419276 0.240553 -0.933053 0.358314 -0.028242 0.015025 0.011765
-0.563532 -0.419870 0.237661 -0.933056 0.358171 -0.028804 0.017061 0.011765
-0.563349 -0.420600 0.234894 -0.933079 0.357969 -0.029335 0.018987 0.011765
-0.562978 -0.421575 0.232056 -0.933111 0.357727 -0.029926 0.020976 0.011765
-0.562539 -0.422600 0.229386 -0.933138 0.357496 -0.030432 0.022891 0.011765
-0.562026 -0.423630 0.227045 -0.933176 0.357247 -0.030852 0.024606 0.011765
-0.561488 -0.424651 0.224761 -0.933182 0.357073 -0.031232 0.026370 0.011765
-0.560952 -0.425565 0.222752 -0.933162 0.356971 -0.031539 0.028028 0.011765
-0.560092 -0.426746 0.220147 -0.933144 0.356786 -0.032097 0.030271 0.011765
-0.559509 -0.427420 0.218618 -0.933147 0.356616 -0.032503 0.031704 0.011765
-0.558967 -0.427849 0.217208 -0.933120 0.356521 -0.032931 0.033103 0.011765
-0.558335 -0.428149 0.215759 -0.933093 0.356401 -0.033420 0.034630 0.011765
-0.557650 -0.428169 0.214227 -0.933029 0.356354 -0.033942 0.036299 0.011765
-0.556902 -0.427938 0.212600 -0.932940 0.356348 -0.034533 0.038038 0.011765
-0.556114 -0.427557 0.210991 -0.932846 0.356356 -0.035139 0.039675 0.011765
-0.555219 -0.426965 0.209192 -0.932723 0.356394 -0.035889 0.041514 0.011765
-0.554322 -0.426230 0.207366 -0.932591 0.356436 -0.036665 0.043404 0.011765
-0.553540 -0.425566 0.205687 -0.932475 0.356457 -0.037381 0.045069 0.011765
-0.552800 -0.424883 0.204017 -0.932346 0.356506 -0.038101 0.046717 0.011765
-0.552144 -0.424301 0.202607 -0.932239 0.356525 -0.038758 0.048146 0.011765
-0.551612 -0.423817 0.201413 -0.932134 0.356570 -0.039334 0.049370 0.011765
-0.551151 -0.423437 0.200528 -0.932049 0.356593 -0.039877 0.050351 0.011765
-0.550713 -0.423064 0.199754 -0.931974 0.356590 -0.040369 0.051364 0.011765
-0.550345 -0.422766 0.199168 -0.931888 0.356641 -0.040826 0.052209 0.011765
-0.550042 -0.422560 0.198825 -0.931810 0.356708 -0.041229 0.052810 0.011765
-0.549692 -0.422487 0.198602 -0.931742 0.356766 -0.041735 0.053223 0.011765
-0.549420 -0.422522 0.198504 -0.931657 0.356902 -0.042245 0.053395 0.011765
-0.549253 -0.422721 0.198709 -0.931570 0.357088 -0.042786 0.053236 0.011765
-0.549171 -0.423050 0.199113 -0.931513 0.357244 -0.043257 0.052813 0.011765
-0.549137 -0.423426 0.199578 -0.931477 0.357357 -0.043689 0.052317 0.011765
-0.549154 -0.423865 0.200165 -0.931491 0.357373 -0.044047 0.051659 0.011765
-0.549121 -0.424303 0.200639 -0.931529 0.357313 -0.044377 0.051101 0.011765
-0.549072 -0.424641 0.201019 -0.931576 0.357216 -0.044680 0.050651 0.011765
-0.549005 -0.424910 0.201284 -0.931611 0.357137 -0.044925 0.050356 0.011765
-0.548941 -0.425099 0.201526 -0.931665 0.357006 -0.045127 0.050101 0.011765
-0.548848 -0.425256 0.201644 -0.931712 0.356872 -0.045355 0.049977 0.011765
-0.548778 -0.425368 0.201709 -0.931747 0.356775 -0.045500 0.049885 0.043137
-0.548731 -0.425447 0.201740 -0.931755 0.356746 -0.045614 0.049842 0.043137
-0.548723 -0.425528 0.201802 -0.931760 0.356732 -0.045701 0.049773 0.043137
-0.548755 -0.425719 0.202034 -0.931771 0.356741 -0.045690 0.049503 0.043137
-0.548795 -0.425872 0.202247 -0.931744 0.356841 -0.045712 0.049276 0.043137
-0.548840 -0.426032 0.202441 -0.931716 0.356949 -0.045680 0.049047 0.117647
-0.548907 -0.426211 0.202696 -0.931688 0.357062 -0.045679 0.048758 0.117647
-0.549048 -0.426447 0.203083 -0.931678 0.357160 -0.045611 0.048300 0.117647
-0.549239 -0.426706 0.203550 -0.931683 0.357231 -0.045506 0.047766 0.117647
-0.549491 -0.427006 0.204116 -0.931693 0.357316 -0.045333 0.047102 0.313726
-0.549819 -0.427435 0.204910 -0.931727 0.357378 -0.045063 0.046219 0.313726
-0.550231 -0.427897 0.205778 -0.931778 0.357404 -0.044775 0.045249 0.313726
-0.550731 -0.428498 0.206876 -0.931861 0.357387 -0.044392 0.044027 0.313726
-0.551285 -0.429153 0.207983 -0.931960 0.357340 -0.043974 0.042731 0.313726
-0.551843 -0.429806 0.209080 -0.932055 0.357290 -0.043558 0.041471 0.529412
-0.552382 -0.430412 0.210196 -0.932140 0.357265 -0.043125 0.040216 0.529412
-0.552945 -0.431065 0.211352 -0.932228 0.357229 -0.042665 0.038952 0.529412
-0.553513 -0.431738 0.212546 -0.932310 0.357211 -0.042231 0.037601 0.529412
-0.554067 -0.432390 0.213733 -0.932396 0.357178 -0.041767 0.036297 0.529412
-0.554573 -0.432966 0.214838 -0.932476 0.357137 -0.041398 0.035054 0.729412
-0.555078 -0.433629 0.215995 -0.932579 0.357044 -0.040998 0.033698 0.729412
-0.555617 -0.434185 0.217128 -0.932678 0.356954 -0.040592 0.032373 0.729412
-0.556038 -0.434784 0.218158 -0.932818 0.356738 -0.040269 0.031090 0.729412
-0.556559 -0.435304 0.219265 -0.932953 0.356557 -0.039778 0.029732 0.847059
-0.556992 -0.435841 0.220272 -0.933083 0.356362 -0.039420 0.028432 0.847059
-0.557385 -0.436366 0.221240 -0.933195 0.356206 -0.039033 0.027232 0.847059
-0.557747 -0.436783 0.222085 -0.933252 0.356170 -0.038708 0.026200 0.847059
-0.558076 -0.437172 0.222888 -0.933278 0.356194 -0.038435 0.025322 0.847059
-0.558363 -0.437566 0.223671 -0.933274 0.356288 -0.038190 0.024506 0.847059
-0.558591 -0.437925 0.224434 -0.933250 0.356412 -0.038053 0.023807 0.847059
-0.558717 -0.438269 0.225180 -0.933250 0.356466 -0.037901 0.023230 0.847059
-0.558762 -0.438584 0.225958 -0.933232 0.356549 -0.037867 0.022736 0.847059
-0.558767 -0.438852 0.226930 -0.933199 0.356675 -0.037829 0.022175 0.847059
-0.558711 -0.438988 0.227901 -0.933141 0.356824 -0.037983 0.021957 0.847059
-0.558503 -0.439144 0.228823 -0.933083 0.356928 -0.038317 0.022160 0.847059
-0.558096 -0.439302 0.229885 -0.933026 0.356962 -0.038876 0.023020 0.847059
-0.557475 -0.439483 0.231346 -0.933004 0.356856 -0.039566 0.024319 0.847059
-0.556585 -0.439734 0.233237 -0.933059 0.356522 -0.040307 0.025857 0.847059
-0.555312 -0.440117 0.235672 -0.933183 0.355938 -0.041185 0.027940 0.847059
-0.553656 -0.440714 0.238530 -0.933426 0.355010 -0.042088 0.030211 0.847059
-0.551694 -0.441495 0.241723 -0.933750 0.353832 -0.042965 0.032693 0.847059
-0.549628 -0.442233 0.244962 -0.934080 0.352569 -0.043920 0.035507 0.847059
-0.547362 -0.443171 0.248624 -0.934477 0.351095 -0.044874 0.038369 0.847059
-0.545022 -0.444124 0.252132 -0.934853 0.349557 -0.045941 0.041821 0.847059
-0.542886 -0.445049 0.255157 -0.935188 0.348091 -0.046945 0.045303 0.847059
-0.540731 -0.445950 0.257907 -0.935452 0.346619 -0.048173 0.049636 0.847059
-0.538864 -0.446642 0.260592 -0.935632 0.345330 -0.049280 0.053957 0.847059
-0.537207 -0.447134 0.263250 -0.935729 0.344198 -0.050323 0.058368 0.847059
-0.535972 -0.447390 0.265930 -0.935745 0.343390 -0.051130 0.062043 0.847059
-0.534806 -0.447419 0.268969 -0.935720 0.342645 -0.051896 0.065800 0.847059
-0.533844 -0.447311 0.272489 -0.935708 0.342034 -0.052301 0.068764 0.847059
-0.533061 -0.447072 0.276130 -0.935696 0.341572 -0.052475 0.071053 0.847059
-0.532362 -0.446716 0.280314 -0.935679 0.341209 -0.052474 0.072986 0.847059
-0.531795 -0.446348 0.284889 -0.935703 0.340911 -0.052257 0.074222 0.847059
-0.531287 -0.445944 0.289782 -0.935714 0.340711 -0.052025 0.075156 0.847059
-0.530925 -0.445595 0.294569 -0.935755 0.340562 -0.051689 0.075558 0.847059
-0.530589 -0.445210 0.299686 -0.935781 0.340492 -0.051348 0.075771 0.847059
-0.530333 -0.444771 0.304689 -0.935787 0.340481 -0.051041 0.075968 0.847059
-0.530260 -0.444417 0.309372 -0.935795 0.340564 -0.050641 0.075763 0.847059
-0.530392 -0.444093 0.314330 -0.935796 0.340749 -0.050152 0.075230 0.847059
-0.530597 -0.443818 0.319282 -0.935799 0.340942 -0.049702 0.074615 0.847059
-0.530878 -0.443594 0.324013 -0.935791 0.341197 -0.049248 0.073857 0.847059
-0.531165 -0.443477 0.328434 -0.935820 0.341391 -0.048770 0.072905 0.847059
-0.531540 -0.443394 0.333172 -0.935837 0.341626 -0.048289 0.071889 0.847059
-0.531908 -0.443403 0.338141 -0.935884 0.341822 -0.047765 0.070698 0.847059
-0.532256 -0.443299 0.343220 -0.935930 0.342014 -0.047156 0.069557 0.843137
-0.532525 -0.443159 0.347929 -0.935961 0.342178 -0.046602 0.068704 0.843137
-0.532759 -0.442948 0.353006 -0.935968 0.342336 -0.046032 0.068193 0.843137
-0.532923 -0.442668 0.358117 -0.935966 0.342461 -0.045529 0.067932 0.843137
-0.532995 -0.442254 0.362582 -0.935904 0.342617 -0.045305 0.068152 0.843137
-0.532972 -0.441683 0.366988 -0.935762 0.342797 -0.045363 0.069157 0.839216
-0.533014 -0.441143 0.371280 -0.935608 0.343016 -0.045463 0.070081 0.839216
-0.533033 -0.440517 0.375224 -0.935438 0.343222 -0.045609 0.071231 0.839216
-0.533060 -0.439777 0.378449 -0.935204 0.343528 -0.045957 0.072594 0.831373
-0.533181 -0.439002 0.381488 -0.934959 0.343887 -0.046336 0.073803 0.831373
-0.533386 -0.438210 0.384075 -0.934677 0.344337 -0.046752 0.075005 0.831373
-0.533625 -0.437367 0.386242 -0.934392 0.344793 -0.047192 0.076167 0.831373
-0.533841 -0.436661 0.387871 -0.934141 0.345225 -0.047531 0.077077 0.831373
-0.534104 -0.435926 0.389170 -0.933883 0.345671 -0.047895 0.077979 0.831373
-0.534290 -0.435251 0.390105 -0.933641 0.346063 -0.048271 0.078901 0.831373
-0.534448 -0.434617 0.390729 -0.933413 0.346430 -0.048671 0.079738 0.831373
-0.534555 -0.433928 0.391212 -0.933182 0.346794 -0.049116 0.080574 0.831373
-0.534641 -0.433280 0.391428 -0.932965 0.347135 -0.049544 0.081357 0.831373
-0.534697 -0.432698 0.391327 -0.932748 0.347455 -0.050018 0.082188 0.839216
-0.534746 -0.432230 0.391100 -0.932565 0.347707 -0.050490 0.082902 0.839216
-0.534749 -0.431855 0.390961 -0.932414 0.347913 -0.050908 0.083478 0.839216
-0.534758 -0.431543 0.390809 -0.932288 0.348081 -0.051270 0.083959 0.835294
-0.534737 -0.431306 0.390690 -0.932200 0.348179 -0.051569 0.084355 0.835294
-0.534736 -0.431109 0.390598 -0.932116 0.348300 -0.051796 0.084647 0.835294
-0.534726 -0.430918 0.390459 -0.932033 0.348409 -0.052046 0.084951 0.835294
-0.534789 -0.430695 0.390379 -0.931956 0.348538 -0.052234 0.085151 0.835294
-0.534887 -0.430479 0.390363 -0.931884 0.348693 -0.052326 0.085248 0.835294
-0.534964 -0.430335 0.390354 -0.931824 0.348824 -0.052429 0.085303 0.835294
-0.535042 -0.430227 0.390315 -0.931778 0.348915 -0.052524 0.085381 0.835294
-0.535114 -0.430191 0.390307 -0.931740 0.349000 -0.052602 0.085402 0.835294
-0.535204 -0.430147 0.390338 -0.931716 0.349067 -0.052666 0.085340 0.835294
-0.535302 -0.430143 0.390418 -0.931685 0.349157 -0.052768 0.085256 0.835294
-0.535357 -0.430117 0.390464 -0.931671 0.349194 -0.052810 0.085223 0.835294
-0.535421 -0.430097 0.390533 -0.931628 0.349259 -0.052955 0.085340 0.835294
-0.535459 -0.430085 0.390667 -0.931588 0.349310 -0.053097 0.085482 0.835294
-0.535466 -0.430037 0.390862 -0.931550 0.349328 -0.053225 0.085740 0.835294
-0.535438 -0.429988 0.391027 -0.931484 0.349378 -0.053454 0.086109 0.835294
-0.535378 -0.429989 0.391176 -0.931420 0.349429 -0.053707 0.086440 0.835294
-0.535356 -0.429985 0.391343 -0.931355 0.349507 -0.053946 0.086671 0.835294
-0.535300 -0.429964 0.391604 -0.931293 0.349603 -0.054185 0.086801 0.835294
-0.535273 -0.429980 0.391754 -0.931232 0.349698 -0.054439 0.086916 0.835294
-0.535234 -0.429983 0.391946 -0.931188 0.349768 -0.054665 0.086965 0.835294
-0.535231 -0.429965 0.391948 -0.931144 0.349818 -0.054807 0.087147 0.835294
-0.535249 -0.429951 0.391796 -0.931111 0.349813 -0.054888 0.087466 0.835294
-0.535254 -0.429966 0.391616 -0.931088 0.349791 -0.054992 0.087737 0.835294
-0.535287 -0.429959 0.391430 -0.931073 0.349758 -0.055020 0.088004 0.835294
-0.535300 -0.429973 0.391309 -0.931082 0.349686 -0.055017 0.088195 0.835294
-0.535334 -0.429962 0.391312 -0.931093 0.349650 -0.054936 0.088274 0.835294
-0.535377 -0.429979 0.391399 -0.931104 0.349639 -0.054822 0.088275 0.835294
-0.535407 -0.430003 0.391443 -0.931102 0.349656 -0.054774 0.088259 0.835294
-0.535435 -0.430028 0.391444 -0.931087 0.349696 -0.054747 0.088278 0.835294
-0.535426 -0.430031 0.391508 -0.931068 0.349743 -0.054795 0.088255 0.835294
-0.535405 -0.430026 0.391666 -0.931049 0.349821 -0.054889 0.088096 0.835294
-0.535378 -0.430054 0.391760 -0.931026 0.349898 -0.054984 0.087969 0.835294
-0.535335 -0.430051 0.391825 -0.930993 0.349982 -0.055151 0.087883 0.835294
-0.535277 -0.430064 0.391887 -0.930975 0.350025 -0.055346 0.087778 0.835294
-0.535237 -0.430086 0.392000 -0.930958 0.350085 -0.055510 0.087616 0.835294
-0.535187 -0.430087 0.392100 -0.930943 0.350128 -0.055653 0.087507 0.835294
-0.535158 -0.430104 0.392163 -0.930928 0.350171 -0.055806 0.087402 0.835294
-0.535126 -0.430125 0.392242 -0.930918 0.350207 -0.055916 0.087297 0.835294
