-0.571620 -0.401842 0.424774 -0.936271 0.346462 -0.040255 0.041710 0.011765
-0.571636 -0.401847 0.424932 -0.936280 0.346461 -0.040177 0.041602 0.011765
-0.571724 -0.401949 0.424994 -0.936292 0.346453 -0.040102 0.041462 0.011765
-0.571918 -0.402162 0.424985 -0.936307 0.346450 -0.040012 0.041241 0.011765
-0.572142 -0.402473 0.424858 -0.936333 0.346410 -0.039987 0.041005 0.011765
-0.572453 -0.402825 0.424505 -0.936340 0.346406 -0.039984 0.040887 0.011765
-0.572725 -0.403189 0.424109 -0.936343 0.346399 -0.040044 0.040807 0.011765
-0.572999 -0.403576 0.423621 -0.936353 0.346364 -0.040139 0.040799 0.011765
-0.573210 -0.403921 0.423213 -0.936370 0.346308 -0.040229 0.040784 0.011765
-0.573412 -0.404233 0.422750 -0.936369 0.346290 -0.040324 0.040861 0.011765
-0.573711 -0.404625 0.422103 -0.936376 0.346251 -0.040441 0.040922 0.011765
-0.573866 -0.404868 0.421651 -0.936382 0.346216 -0.040515 0.041005 0.011765
-0.574029 -0.405051 0.421300 -0.936378 0.346223 -0.040551 0.041002 0.011765
-0.574198 -0.405223 0.420963 -0.936377 0.346228 -0.040553 0.040995 0.011765
-0.574365 -0.405413 0.420563 -0.936377 0.346215 -0.040600 0.041045 0.011765
-0.574546 -0.405615 0.420077 -0.936374 0.346201 -0.040659 0.041183 0.011765
-0.574739 -0.405827 0.419595 -0.936363 0.346211 -0.040721 0.041277 0.011765
-0.574936 -0.406061 0.419181 -0.936375 0.346178 -0.040731 0.041263 0.011765
-0.575095 -0.406256 0.418907 -0.936378 0.346178 -0.040706 0.041216 0.011765
-0.575255 -0.406418 0.418687 -0.936381 0.346188 -0.040672 0.041103 0.011765
-0.575391 -0.406562 0.418405 -0.936384 0.346182 -0.040655 0.041100 0.011765
-0.575502 -0.406720 0.418124 -0.936390 0.346164 -0.040678 0.041108 0.011765
-0.575643 -0.406836 0.417807 -0.936383 0.346179 -0.040677 0.041130 0.011765
-0.575779 -0.406998 0.417417 -0.936381 0.346175 -0.040731 0.041170 0.011765
-0.575899 -0.407166 0.417069 -0.936383 0.346163 -0.040813 0.041136 0.011765
-0.575993 -0.407281 0.416815 -0.936378 0.346176 -0.040868 0.041074 0.011765
-0.575993 -0.407348 0.416784 -0.936391 0.346162 -0.040863 0.040904 0.011765
-0.575823 -0.407371 0.416937 -0.936435 0.346071 -0.040864 0.040674 0.011765
-0.575580 -0.407333 0.417374 -0.936481 0.346007 -0.040778 0.040252 0.011765
-0.575309 -0.407283 0.417919 -0.936534 0.345931 -0.040693 0.039736 0.011765
-0.575041 -0.407214 0.418390 -0.936580 0.345866 -0.040641 0.039282 0.011765
-0.574832 -0.407147 0.418709 -0.936606 0.345838 -0.040635 0.038925 0.011765
-0.574739 -0.407236 0.418765 -0.936619 0.345822 -0.040699 0.038680 0.011765
-0.574887 -0.407501 0.418292 -0.936606 0.345831 -0.040882 0.038724 0.011765
-0.575233 -0.407950 0.417180 -0.936569 0.345837 -0.041254 0.039157 0.011765
-0.575724 -0.408581 0.415486 -0.936521 0.345817 -0.041857 0.039833 0.011765
-0.576274 -0.409304 0.413542 -0.936439 0.345856 -0.042705 0.040515 0.011765
-0.576899 -0.410216 0.411211 -0.936327 0.345933 -0.044004 0.041057 0.011765
-0.577518 -0.411252 0.408898 -0.936208 0.346050 -0.045444 0.041226 0.011765
-0.578134 -0.412281 0.406658 -0.936110 0.346144 -0.046811 0.041121 0.011765
-0.578689 -0.413243 0.404775 -0.936046 0.346216 -0.047952 0.040668 0.011765
-0.579290 -0.414251 0.402946 -0.936015 0.346246 -0.048940 0.039938 0.011765
-0.579907 -0.415184 0.401281 -0.935993 0.346290 -0.049730 0.039078 0.011765
-0.580497 -0.416057 0.399713 -0.935988 0.346303 -0.050329 0.038300 0.011765
-0.581131 -0.416957 0.397929 -0.935995 0.346274 -0.050914 0.037614 0.011765
-0.581801 -0.417821 0.395864 -0.935975 0.346290 -0.051456 0.037244 0.011765
-0.582498 -0.418687 0.393391 -0.935928 0.346321 -0.052041 0.037322 0.011765
-0.583147 -0.419486 0.390912 -0.935876 0.346352 -0.052559 0.037596 0.011765
-0.583827 -0.420270 0.388262 -0.935806 0.346425 -0.053056 0.037972 0.011765
-0.584466 -0.420966 0.385796 -0.935739 0.346530 -0.053361 0.038244 0.011765
-0.585059 -0.421584 0.383342 -0.935700 0.346582 -0.053529 0.038486 0.011765
-0.585503 -0.422040 0.380922 -0.935653 0.346654 -0.053683 0.038769 0.011765
-0.585922 -0.422367 0.378170 -0.935610 0.346711 -0.053796 0.039124 0.011765
-0.586298 -0.422475 0.375491 -0.935567 0.346800 -0.053777 0.039391 0.011765
-0.586606 -0.422368 0.372911 -0.935519 0.346889 -0.053751 0.039788 0.011765
-0.586783 -0.422123 0.370091 -0.935473 0.346914 -0.053839 0.040523 0.011765
-0.586836 -0.421772 0.367116 -0.935409 0.346906 -0.054074 0.041733 0.011765
-0.586778 -0.421264 0.364040 -0.935307 0.346921 -0.054506 0.043319 0.011765
-0.586594 -0.420665 0.361096 -0.935196 0.346903 -0.055082 0.045089 0.019608
-0.586262 -0.419880 0.357681 -0.935045 0.346876 -0.055902 0.047347 0.019608
-0.585674 -0.419004 0.353792 -0.934864 0.346810 -0.056979 0.050048 0.019608
-0.584892 -0.418081 0.349554 -0.934680 0.346683 -0.058152 0.052939 0.019608
-0.584179 -0.417328 0.345696 -0.934536 0.346581 -0.059013 0.055148 0.039216
-0.583449 -0.416511 0.341614 -0.934405 0.346507 -0.059761 0.057002 0.039216
-0.582697 -0.415701 0.337256 -0.934296 0.346399 -0.060457 0.058685 0.039216
-0.582115 -0.415067 0.333493 -0.934228 0.346345 -0.060836 0.059689 0.043137
-0.581533 -0.414519 0.329793 -0.934210 0.346256 -0.061055 0.060255 0.043137
-0.580943 -0.414014 0.326250 -0.934208 0.346179 -0.061163 0.060615 0.043137
-0.580374 -0.413738 0.323097 -0.934269 0.345999 -0.061157 0.060714 0.043137
-0.579907 -0.413595 0.320678 -0.934338 0.345853 -0.061064 0.060577 0.043137
-0.579455 -0.413559 0.318506 -0.934428 0.345691 -0.060897 0.060280 0.043137
-0.578998 -0.413655 0.316605 -0.934528 0.345494 -0.060738 0.060016 0.043137
-0.578575 -0.413886 0.315035 -0.934643 0.345258 -0.060568 0.059753 0.043137
-0.578204 -0.414245 0.313972 -0.934794 0.344943 -0.060361 0.059423 0.043137
-0.577716 -0.414948 0.313286 -0.935029 0.344440 -0.060091 0.058921 0.043137
-0.577187 -0.415858 0.312838 -0.935317 0.343805 -0.059784 0.058366 0.043137
-0.576629 -0.416876 0.312523 -0.935622 0.343106 -0.059493 0.057882 0.043137
-0.576010 -0.418124 0.312185 -0.935992 0.342264 -0.059150 0.057240 0.043137
-0.575476 -0.419473 0.311709 -0.936400 0.341406 -0.058624 0.056213 0.062745
-0.575202 -0.420853 0.311116 -0.936820 0.340691 -0.057777 0.054407 0.062745
-0.575182 -0.422235 0.310303 -0.937224 0.340116 -0.056731 0.052097 0.062745
-0.575401 -0.423728 0.308925 -0.937607 0.339636 -0.055553 0.049536 0.062745
-0.575776 -0.425189 0.307040 -0.937915 0.339282 -0.054515 0.047237 0.062745
-0.576288 -0.426547 0.304890 -0.938159 0.339014 -0.053634 0.045291 0.062745
-0.576947 -0.427935 0.302164 -0.938343 0.338823 -0.052919 0.043727 0.062745
-0.577648 -0.429220 0.299050 -0.938473 0.338632 -0.052512 0.042876 0.062745
-0.578363 -0.430335 0.295739 -0.938538 0.338514 -0.052351 0.042582 0.062745
-0.579009 -0.431317 0.292616 -0.938572 0.338424 -0.052341 0.042568 0.062745
-0.579688 -0.432216 0.289493 -0.938590 0.338359 -0.052350 0.042675 0.062745
-0.580338 -0.433027 0.286533 -0.938603 0.338287 -0.052417 0.042876 0.062745
-0.580907 -0.433704 0.283892 -0.938631 0.338176 -0.052477 0.043062 0.062745
-0.581452 -0.434410 0.281179 -0.938668 0.338044 -0.052558 0.043209 0.062745
-0.581977 -0.435070 0.278612 -0.938720 0.337886 -0.052567 0.043307 0.062745
-0.582421 -0.435665 0.276129 -0.938751 0.337760 -0.052667 0.043488 0.062745
-0.582810 -0.436162 0.273897 -0.938755 0.337701 -0.052765 0.043731 0.062745
-0.583140 -0.436648 0.271581 -0.938753 0.337628 -0.052908 0.044165 0.062745
-0.583358 -0.437155 0.269344 -0.938757 0.337511 -0.053126 0.044717 0.062745
-0.583519 -0.437579 0.267284 -0.938737 0.337437 -0.053398 0.045369 0.062745
-0.583527 -0.437956 0.265440 -0.938727 0.337319 -0.053692 0.046101 0.062745
-0.583372 -0.438174 0.263519 -0.938698 0.337189 -0.054092 0.047167 0.062745
-0.583027 -0.438113 0.261320 -0.938630 0.337078 -0.054559 0.048735 0.062745
-0.582481 -0.437766 0.258807 -0.938520 0.336984 -0.055207 0.050725 0.062745
-0.581710 -0.437113 0.255726 -0.938360 0.336921 -0.056021 0.053159 0.062745
-0.580718 -0.436327 0.252406 -0.938199 0.336813 -0.056919 0.055674 0.062745
-0.579637 -0.435547 0.249117 -0.938091 0.336627 -0.057668 0.057807 0.062745
-0.578587 -0.434782 0.246028 -0.938013 0.336462 -0.058218 0.059453 0.066667
-0.577468 -0.433772 0.242651 -0.937919 0.336351 -0.058758 0.061024 0.066667
-0.576392 -0.432738 0.239277 -0.937826 0.336290 -0.059217 0.062337 0.066667
-0.575465 -0.431886 0.236248 -0.937781 0.336219 -0.059477 0.063143 0.066667
-0.574683 -0.431180 0.233675 -0.937757 0.336159 -0.059633 0.063653 0.066667
-0.573821 -0.430431 0.231098 -0.937730 0.336062 -0.059887 0.064321 0.066667
-0.573043 -0.429712 0.228795 -0.937683 0.336009 -0.060192 0.065011 0.066667
-0.572421 -0.429223 0.227116 -0.937668 0.335940 -0.060387 0.065395 0.066667
-0.571862 -0.428934 0.225784 -0.937659 0.335903 -0.060516 0.065593 0.066667
-0.571379 -0.428767 0.224676 -0.937609 0.335986 -0.060649 0.065759 0.066667
-0.571004 -0.428655 0.223870 -0.937516 0.336237 -0.060711 0.065742 0.066667
-0.570715 -0.428591 0.223260 -0.937395 0.336560 -0.060786 0.065744 0.066667
-0.570362 -0.428646 0.222740 -0.937270 0.336891 -0.060895 0.065739 0.066667
-0.570035 -0.428691 0.222289 -0.937134 0.337217 -0.061029 0.065874 0.098039
-0.569739 -0.428708 0.221908 -0.936993 0.337521 -0.061211 0.066163 0.098039
-0.569485 -0.428684 0.221581 -0.936823 0.337868 -0.061447 0.066578 0.098039
-0.569217 -0.428643 0.221296 -0.936659 0.338173 -0.061724 0.067080 0.098039
-0.568924 -0.428676 0.221041 -0.936541 0.338339 -0.061974 0.067645 0.098039
-0.568533 -0.428879 0.220816 -0.936501 0.338300 -0.062212 0.068183 0.149020
-0.567962 -0.429312 0.220575 -0.936521 0.338085 -0.062446 0.068760 0.149020
-0.567256 -0.430003 0.220411 -0.936596 0.337759 -0.062562 0.069233 0.149020
-0.566416 -0.430887 0.220273 -0.936683 0.337395 -0.062672 0.069724 0.149020
-0.565555 -0.431863 0.220166 -0.936772 0.337047 -0.062736 0.070154 0.149020
-0.564624 -0.432954 0.220166 -0.936897 0.336626 -0.062768 0.070481 0.329412
-0.563747 -0.434002 0.220126 -0.936993 0.336268 -0.062922 0.070766 0.329412
-0.562970 -0.434902 0.220072 -0.937069 0.335974 -0.063070 0.071027 0.329412
-0.562311 -0.435686 0.220064 -0.937145 0.335697 -0.063226 0.071193 0.329412
-0.561736 -0.436366 0.220055 -0.937201 0.335471 -0.063398 0.071369 0.545098
-0.561265 -0.436894 0.220054 -0.937248 0.335271 -0.063603 0.071511 0.545098
-0.560900 -0.437368 0.220106 -0.937301 0.335086 -0.063739 0.071565 0.545098
-0.560663 -0.437751 0.220197 -0.937370 0.334892 -0.063785 0.071522 0.545098
-0.560468 -0.438042 0.220316 -0.937465 0.334615 -0.063848 0.071518 0.545098
-0.560321 -0.438293 0.220413 -0.937593 0.334255 -0.064001 0.071398 0.741176
-0.560269 -0.438510 0.220559 -0.937772 0.333789 -0.063925 0.071290 0.741176
-0.560251 -0.438680 0.220747 -0.937964 0.333286 -0.063950 0.071095 0.741176
-0.560291 -0.438849 0.220978 -0.938165 0.332775 -0.063930 0.070852 0.741176
-0.560345 -0.439047 0.221246 -0.938336 0.332356 -0.063896 0.070581 0.741176
-0.560447 -0.439221 0.221618 -0.938470 0.332040 -0.063849 0.070330 0.803922
-0.560580 -0.439474 0.222101 -0.938583 0.331798 -0.063770 0.070039 0.803922
-0.560721 -0.439744 0.222665 -0.938639 0.331692 -0.063706 0.069852 0.803922
-0.560853 -0.439978 0.223243 -0.938641 0.331687 -0.063703 0.069846 0.803922
-0.560984 -0.440231 0.223941 -0.938595 0.331781 -0.063745 0.069982 0.803922
-0.561100 -0.440415 0.224725 -0.938490 0.331985 -0.063870 0.070310 0.803922
-0.561181 -0.440518 0.225561 -0.938299 0.332353 -0.064073 0.070927 0.803922
-0.561198 -0.440552 0.226220 -0.938061 0.332759 -0.064410 0.071865 0.803922
-0.561127 -0.440625 0.226843 -0.937794 0.333152 -0.064870 0.073098 0.803922
-0.560921 -0.440677 0.227537 -0.937562 0.333404 -0.065368 0.074474 0.803922
-0.560667 -0.440635 0.228365 -0.937334 0.333656 -0.065859 0.075769 0.803922
-0.560357 -0.440473 0.229501 -0.937089 0.333951 -0.066331 0.077078 0.803922
-0.559663 -0.440154 0.231823 -0.936803 0.334191 -0.066997 0.078914 0.803922
-0.559100 -0.439882 0.234017 -0.936660 0.334271 -0.067378 0.079949 0.803922
-0.558813 -0.439725 0.235196 -0.936599 0.334292 -0.067551 0.080428 0.803922
-0.557995 -0.439144 0.239593 -0.936454 0.334359 -0.067932 0.081504 0.803922
-0.557337 -0.438756 0.242992 -0.936375 0.334332 -0.068211 0.082285 0.803922
-0.556686 -0.438395 0.246650 -0.936300 0.334274 -0.068580 0.083066 0.803922
-0.556083 -0.438191 0.250008 -0.936237 0.334158 -0.068981 0.083908 0.803922
-0.555412 -0.438093 0.253442 -0.936163 0.333966 -0.069506 0.085060 0.803922
-0.554704 -0.438164 0.256624 -0.936075 0.333652 -0.070177 0.086689 0.803922
-0.553904 -0.438517 0.259787 -0.936038 0.333152 -0.070895 0.088415 0.803922
-0.553062 -0.439166 0.262714 -0.936063 0.332468 -0.071564 0.090167 0.803922
-0.551954 -0.440063 0.265755 -0.936076 0.331553 -0.072496 0.092624 0.803922
-0.550798 -0.441129 0.268893 -0.936113 0.330517 -0.073416 0.095187 0.803922
-0.549606 -0.442179 0.272306 -0.936096 0.329446 -0.074507 0.098174 0.803922
-0.548641 -0.443262 0.276104 -0.936092 0.328480 -0.075397 0.100739 0.803922
-0.547766 -0.444308 0.280566 -0.936000 0.327574 -0.076474 0.103684 0.803922
-0.547018 -0.445226 0.285202 -0.935876 0.326737 -0.077498 0.106645 0.803922
-0.546430 -0.445970 0.289797 -0.935661 0.326054 -0.078609 0.109767 0.803922
-0.545986 -0.446664 0.295061 -0.935433 0.325397 -0.079678 0.112845 0.803922
-0.545603 -0.446998 0.300364 -0.935104 0.324913 -0.080812 0.116111 0.803922
-0.545272 -0.447202 0.306254 -0.934755 0.324527 -0.081913 0.119183 0.803922
-0.544900 -0.447015 0.312053 -0.934414 0.324255 -0.082857 0.121920 0.803922
-0.544594 -0.446517 0.318682 -0.934072 0.324172 -0.083592 0.124234 0.803922
-0.544167 -0.445748 0.325383 -0.933761 0.324049 -0.084296 0.126402 0.803922
-0.543730 -0.444580 0.332147 -0.933492 0.324095 -0.084754 0.127950 0.803922
-0.543381 -0.443332 0.338492 -0.933320 0.324198 -0.084969 0.128802 0.803922
-0.543051 -0.441773 0.345081 -0.933170 0.324448 -0.085051 0.129206 0.803922
-0.542618 -0.439991 0.351567 -0.933092 0.324687 -0.085028 0.129178 0.803922
-0.542264 -0.438319 0.357403 -0.933091 0.324946 -0.084832 0.128664 0.803922
-0.541842 -0.436556 0.363358 -0.933120 0.325186 -0.084588 0.128007 0.803922
-0.541402 -0.434917 0.369138 -0.933242 0.325408 -0.084173 0.126823 0.803922
-0.540924 -0.433432 0.374487 -0.933411 0.325584 -0.083659 0.125461 0.803922
-0.540477 -0.432137 0.379049 -0.933574 0.325730 -0.083189 0.124173 0.803922
-0.540006 -0.430977 0.383448 -0.933772 0.325840 -0.082638 0.122756 0.803922
-0.539586 -0.429982 0.387324 -0.933962 0.325971 -0.082112 0.121308 0.803922
-0.539226 -0.429195 0.390604 -0.934156 0.326061 -0.081604 0.119906 0.803922
-0.538883 -0.428477 0.393687 -0.934355 0.326151 -0.081076 0.118462 0.803922
-0.538479 -0.427894 0.396526 -0.934569 0.326173 -0.080614 0.117017 0.803922
-0.538097 -0.427336 0.399098 -0.934760 0.326201 -0.080212 0.115684 0.803922
-0.537712 -0.426826 0.401433 -0.934930 0.326241 -0.079809 0.114468 0.803922
-0.537281 -0.426243 0.403902 -0.935094 0.326276 -0.079441 0.113283 0.803922
-0.536810 -0.425600 0.406532 -0.935258 0.326321 -0.079041 0.112072 0.803922
-0.536283 -0.424859 0.409580 -0.935433 0.326399 -0.078576 0.110704 0.803922
-0.535799 -0.424130 0.412636 -0.935590 0.326482 -0.078091 0.109467 0.803922
-0.535287 -0.423329 0.416076 -0.935719 0.326582 -0.077660 0.108362 0.803922
-0.534778 -0.422570 0.419648 -0.935811 0.326638 -0.077333 0.107631 0.803922
-0.534361 -0.421994 0.423037 -0.935858 0.326668 -0.077134 0.107279 0.803922
-0.534028 -0.421543 0.426657 -0.935859 0.326678 -0.077058 0.107289 0.803922
-0.533849 -0.421294 0.430375 -0.935831 0.326672 -0.077098 0.107524 0.803922
-0.533789 -0.421135 0.433766 -0.935696 0.326676 -0.077412 0.108455 0.803922
-0.533802 -0.421079 0.436696 -0.935530 0.326689 -0.077822 0.109549 0.803922
-0.533976 -0.421247 0.439785 -0.935385 0.326691 -0.078163 0.110538 0.803922
-0.534186 -0.421417 0.442512 -0.935219 0.326688 -0.078570 0.111656 0.803922
-0.534416 -0.421588 0.444253 -0.935049 0.326610 -0.079100 0.112922 0.803922
-0.534703 -0.421683 0.445077 -0.934844 0.326417 -0.079774 0.114697 0.803922
-0.535021 -0.421440 0.445016 -0.934562 0.326250 -0.080489 0.116942 0.803922
-0.535340 -0.420947 0.444496 -0.934299 0.326053 -0.081055 0.119183 0.803922
-0.535641 -0.420379 0.443554 -0.934031 0.325892 -0.081601 0.121334 0.803922
-0.535897 -0.419737 0.442278 -0.933731 0.325742 -0.082256 0.123580 0.803922
-0.536063 -0.419145 0.440809 -0.933425 0.325603 -0.083055 0.125707 0.803922
-0.536115 -0.418577 0.439265 -0.933110 0.325486 -0.083998 0.127707 0.803922
-0.536009 -0.417954 0.438061 -0.932820 0.325450 -0.084924 0.129293 0.803922
-0.535820 -0.417325 0.437114 -0.932563 0.325476 -0.085820 0.130483 0.803922
-0.535551 -0.416745 0.436145 -0.932329 0.325439 -0.086785 0.131609 0.803922
-0.535222 -0.416268 0.435222 -0.932138 0.325315 -0.087714 0.132650 0.784314
-0.534850 -0.415826 0.434508 -0.931992 0.325136 -0.088518 0.133572 0.784314
-0.534489 -0.415351 0.433933 -0.931855 0.324943 -0.089256 0.134505 0.784314
-0.534032 -0.414795 0.433594 -0.931713 0.324755 -0.089953 0.135477 0.784314
-0.533560 -0.414206 0.433473 -0.931596 0.324511 -0.090529 0.136475 0.784314
-0.533088 -0.413466 0.433602 -0.931465 0.324325 -0.091080 0.137445 0.749020
-0.532615 -0.412759 0.433759 -0.931301 0.324163 -0.091680 0.138531 0.749020
-0.532090 -0.411887 0.434013 -0.931070 0.324014 -0.092458 0.139908 0.749020
-0.531503 -0.411074 0.434281 -0.930829 0.323815 -0.093217 0.141462 0.749020
-0.530988 -0.410385 0.434442 -0.930612 0.323574 -0.093901 0.142982 0.564706
-0.530531 -0.409704 0.434479 -0.930362 0.323387 -0.094547 0.144599 0.564706
-0.530136 -0.409098 0.434318 -0.930120 0.323160 -0.095170 0.146243 0.564706
-0.529788 -0.408495 0.434014 -0.929877 0.322955 -0.095770 0.147841 0.564706
-0.529452 -0.408000 0.433608 -0.929678 0.322721 -0.096270 0.149270 0.564706
-0.529090 -0.407480 0.433068 -0.929447 0.322554 -0.096853 0.150689 0.552941
-0.528710 -0.406967 0.432376 -0.929208 0.322391 -0.097470 0.152105 0.552941
-0.528350 -0.406520 0.431601 -0.928967 0.322295 -0.098063 0.153392 0.552941
-0.527970 -0.406068 0.430672 -0.928700 0.322195 -0.098824 0.154725 0.552941
-0.527617 -0.405679 0.429815 -0.928476 0.322153 -0.099460 0.155749 0.552941
-0.527305 -0.405359 0.428983 -0.928270 0.322177 -0.100031 0.156557 0.549020
-0.527037 -0.405140 0.428255 -0.928119 0.322168 -0.100497 0.157174 0.549020
-0.526836 -0.404932 0.427636 -0.927987 0.322227 -0.100836 0.157615 0.549020
-0.526684 -0.404807 0.427207 -0.927917 0.322282 -0.101056 0.157775 0.549020
-0.526591 -0.404696 0.426852 -0.927857 0.322371 -0.101206 0.157850 0.552941
-0.526543 -0.404670 0.426614 -0.927835 0.322432 -0.101266 0.157815 0.552941
-0.526550 -0.404686 0.426400 -0.927820 0.322491 -0.101296 0.157761 0.552941
-0.526606 -0.404741 0.426306 -0.927837 0.322536 -0.101221 0.157617 0.552941
-0.526641 -0.404767 0.426298 -0.927856 0.322518 -0.101185 0.157567 0.552941
-0.526665 -0.404759 0.426389 -0.927917 0.322393 -0.101131 0.157496 0.556863
-0.526668 -0.404759 0.426475 -0.928017 0.322119 -0.101125 0.157474 0.556863
-0.526666 -0.404723 0.426510 -0.928192 0.321564 -0.101200 0.157524 0.556863
-0.526656 -0.404687 0.426555 -0.928531 0.320534 -0.101359 0.157525 0.556863
-0.526638 -0.404647 0.426593 -0.929068 0.318901 -0.101644 0.157492 0.556863
-0.526594 -0.404613 0.426567 -0.929772 0.316672 -0.102096 0.157541 0.568627
-0.526596 -0.404587 0.426394 -0.930592 0.313998 -0.102690 0.157663 0.568627
-0.526563 -0.404564 0.426222 -0.931389 0.311347 -0.103302 0.157815 0.568627
-0.526541 -0.404517 0.425997 -0.932227 0.308508 -0.103962 0.158012 0.568627
-0.526495 -0.404406 0.425781 -0.933017 0.305750 -0.104669 0.158241 0.580392
-0.526455 -0.404314 0.425459 -0.933789 0.303005 -0.105371 0.158501 0.580392
-0.526380 -0.404214 0.425181 -0.934515 0.300411 -0.106022 0.158729 0.580392
-0.526255 -0.404085 0.424911 -0.935288 0.297627 -0.106704 0.158959 0.580392
-0.526117 -0.403932 0.424661 -0.936010 0.294979 -0.107403 0.159177 0.580392
-0.525994 -0.403773 0.424542 -0.936660 0.292645 -0.107945 0.159296 0.580392
-0.525837 -0.403623 0.424494 -0.937281 0.290399 -0.108481 0.159388 0.580392
-0.525697 -0.403431 0.424578 -0.937828 0.288480 -0.108902 0.159368 0.580392
-0.525557 -0.403300 0.424650 -0.938276 0.286878 -0.109251 0.159387 0.580392
-0.525472 -0.403175 0.424720 -0.938624 0.285649 -0.109524 0.159357 0.580392
-0.525426 -0.403126 0.424684 -0.938907 0.284584 -0.109783 0.159414 0.580392
-0.525422 -0.403148 0.424489 -0.939113 0.283718 -0.110040 0.159567 0.580392
-0.525462 -0.403197 0.424246 -0.939244 0.283093 -0.110271 0.159746 0.580392
-0.525462 -0.403200 0.424208 -0.939380 0.282582 -0.110403 0.159762 0.584314
-0.525429 -0.403169 0.424322 -0.939487 0.282249 -0.110428 0.159707 0.584314
-0.525372 -0.403129 0.424579 -0.939585 0.282031 -0.110436 0.159509 0.584314
-0.525310 -0.403094 0.424877 -0.939647 0.281966 -0.110435 0.159257 0.584314
-0.525257 -0.403095 0.425152 -0.939698 0.281927 -0.110443 0.159018 0.584314
-0.525265 -0.403128 0.425281 -0.939718 0.281944 -0.110478 0.158846 0.584314
